# Probe 0 (0.0001 0.0001 0.0001)
# Probe 1 (0.0001 0.0001 0.0126)
# Probe 2 (0.0001 0.0001 0.0251)
# Probe 3 (0.0001 0.0001 0.0376)
#           Probe                 0                 1                 2                 3
#            Time
         0.000125      0.1330326391    0.001517564777   1.075594293e-05   7.728951437e-08
          0.00025       0.476132099    0.006980395591   7.070297993e-05    7.29613139e-07
         0.000375      0.8869885447     0.01309792222   0.0001285373615   1.546209083e-06
           0.0005        1.19707896     0.01888434205   0.0001781144678   3.504162749e-06
         0.000625       1.285295054     0.02193759408    0.000123283958   1.051489494e-05
          0.00075       1.290415909      0.0257854118   0.0001254332832   3.758052605e-05
         0.000875       1.295296807     0.03419753315   0.0002105445524   0.0001045388956
            0.001       1.297264064     0.04529630164    0.000615940703   0.0002292473655
         0.001125        1.29574638     0.06245989317    0.001223436981   0.0003996872829
          0.00125       1.291961474     0.08156360862    0.002068814561   0.0005977801494
         0.001375       1.287681133      0.1045128856    0.003212860096   0.0007734573246
           0.0015       1.284780736      0.1307761867    0.004441621144   0.0009296230817
         0.001625       1.284371811      0.1573178326    0.006628529077    0.001043445113
          0.00175       1.286788159      0.1888544912     0.00914461356    0.001171138291
         0.001875       1.291243138       0.220373582     0.01342520573    0.001355178583
            0.002       1.296669321      0.2566002498     0.01884976626     0.00163809856
         0.002125       1.301683815      0.2957307116     0.02559246289    0.002200202391
          0.00225       1.305252769      0.3384819861     0.03424257709    0.002987090039
         0.002375       1.306848686      0.3856961254     0.04220819219    0.004396932209
           0.0025       1.220217349      0.4343553705     0.05156280051    0.006317956513
         0.002625      0.9092471216      0.4827920907     0.05908133105    0.009148287836
          0.00275      0.4995877898      0.5310262245     0.06634663011     0.01293812809
         0.002875      0.1592537997      0.5826746725     0.07360589604     0.01739476435
            0.003     0.02670630204      0.6383044691     0.07988072594     0.02290607305
         0.003125     0.02181187736      0.6965159558     0.08851862925     0.02815027987
          0.00325     0.01469944211      0.7523864925     0.09653239993     0.03344457569
         0.003375    0.009528843947      0.8055947333        0.10657943      0.0375939248
           0.0035    0.007430952187      0.8549023952      0.1173365665     0.04055724585
         0.003625    0.007949888486      0.9012347445      0.1291507946     0.04295203869
          0.00375    0.009606601916      0.9420574806      0.1424799013     0.04375287325
         0.003875     0.01095912244      0.9791534069      0.1572787836     0.04563907033
            0.004     0.01107164828       1.010234778      0.1742096099     0.04719630373
         0.004125    0.009687196487       1.034394818      0.1929846613     0.05028700265
          0.00425    0.007221759848       1.052263353      0.2135052666     0.05437698374
         0.004375     0.00420061438        1.06015052      0.2358870306     0.05897756709
           0.0045    0.001517439552       1.059840744       0.259617335     0.06469326904
         0.004625   -0.000455681314       1.048535371      0.2858113326     0.06998372861
          0.00475   -0.001628276011        1.02722964      0.3145223836     0.07546748677
         0.004875   -0.002071018487      0.9956058263      0.3464469575     0.08014460414
            0.005   -0.002084834581      0.9542805314      0.3827765743     0.08394956696
         0.005125   -0.001944744044       0.904811672      0.4220864436     0.08663495089
          0.00525   -0.001965239721       0.846876376      0.4653029263     0.08795284112
         0.005375   -0.002181788067       0.783717476      0.5106321373     0.08861693612
           0.0055   -0.002508148848      0.7139281065       0.556982096     0.08899849289
         0.005625   -0.002886938996      0.6411735149      0.6042867815     0.09033341657
          0.00575   -0.003132985972      0.5653611876      0.6502564297     0.09332943998
         0.005875   -0.003152656272      0.4884516271      0.6958470472      0.0983485458
            0.006    -0.00283672108      0.4125672762      0.7393440342      0.1054290909
         0.006125   -0.002253541003      0.3376257074      0.7815155031      0.1140943631
          0.00625   -0.001497356775      0.2665247083      0.8212925705        0.12359551
         0.006375    -0.00057730761      0.1984582383      0.8588699443      0.1341444701
           0.0065   0.0004044719811      0.1355985539      0.8936513174      0.1451581572
         0.006625    0.001373683988      0.0781357283      0.9245068328      0.1575308913
          0.00675    0.002222759762     0.02679910992      0.9517699892      0.1714302006
         0.006875    0.002950482921    -0.01728967983      0.9729007664      0.1870749941
            0.007    0.003506156181    -0.05437147191       0.988715312      0.2051660344
         0.007125    0.003788558042    -0.08323520884       0.996873748       0.225193686
          0.00725    0.003762678195     -0.1041691787      0.9977366564      0.2481034203
         0.007375    0.003418776371     -0.1168607625        0.99072811      0.2733141876
           0.0075     0.00276402463     -0.1216388175       0.975404504      0.3016698547
         0.007625    0.001797185695     -0.1196349285      0.9527679405      0.3324302073
          0.00775   0.0006166419217     -0.1118083677      0.9218789833      0.3656345926
         0.007875  -0.0005957523668     -0.1000703979      0.8840635734      0.4006724912
            0.008   -0.001703822641    -0.08571318027      0.8389294938        0.43653829
         0.008125   -0.002605392591    -0.06999692662      0.7875630022      0.4736592149
          0.00825   -0.003152369037    -0.05418787776      0.7306661568      0.5105906264
         0.008375   -0.003272523429    -0.03865659414      0.6691725765      0.5486017294
           0.0085   -0.002986967869    -0.02445779502      0.6040202905      0.5865486861
         0.008625   -0.002398638643    -0.01158696875      0.5355662386      0.6249530553
          0.00875   -0.001564222175  -0.0006047302824      0.4640435817      0.6632169958
         0.008875  -0.0005760013812    0.008541166457      0.3899365363      0.7004658633
            0.009   0.0004224858242     0.01600251165      0.3135845495      0.7366407906
         0.009125    0.001307591492     0.02155710426      0.2363574009      0.7702423441
          0.00925    0.002003194985     0.02531925466      0.1596122608      0.8013133226
         0.009375    0.002455989494     0.02659230845     0.08499781461      0.8286246424
           0.0095    0.002557592013      0.0250989653     0.01421203744      0.8517118503
         0.009625    0.002261323816     0.02034846433    -0.05185145518      0.8696699177
          0.00975    0.001609330519      0.0123437027     -0.1119538047      0.8816221639
         0.009875   0.0006774395926    0.001631117253     -0.1658416371      0.8869266854
             0.01  -0.0004516062091    -0.01086931601     -0.2128363711      0.8850523892
