# Probe 0 (0.0001 0.0001 0.0001)
# Probe 1 (0.0001 0.0001 0.0126)
# Probe 2 (0.0001 0.0001 0.0251)
# Probe 3 (0.0001 0.0001 0.0376)
#           Probe                 0                 1                 2                 3
#            Time
         1.25e-05    0.001389891295    7.03596472e-06   2.275818998e-08   7.434944031e-11
          2.5e-05    0.005549163535   3.001221514e-05   1.051217941e-07   3.674003633e-10
         3.75e-05     0.01246390562   7.210922719e-05   2.694031407e-07   1.000218017e-09
            5e-05     0.02210375451   0.0001396258559   5.651977843e-07   2.248077419e-09
         6.25e-05     0.03443077367   0.0002361672121   1.031317681e-06   4.385896506e-09
          7.5e-05      0.0493945697   0.0003667983091   1.719644042e-06   7.782475591e-09
         8.75e-05      0.0669329904   0.0005364072206   2.689770847e-06   1.290619557e-08
           0.0001     0.08697213297   0.0007494637724   4.006013372e-06   2.031382511e-08
        0.0001125      0.1094265066    0.001009630371   5.734534972e-06   3.064423601e-08
         0.000125      0.1341992476    0.001319285653    7.93870783e-06   4.461900868e-08
        0.0001375      0.1611823521    0.001678952144   1.067269646e-05   6.294774934e-08
          0.00015       0.190257169    0.002086864602   1.397431742e-05   8.636226028e-08
        0.0001625      0.2212953429    0.002538904303   1.785891986e-05   1.154838368e-07
         0.000175      0.2541601238     0.00302894385    2.23154893e-05    1.50790851e-07
        0.0001875      0.2887077903    0.003549500933   2.730533695e-05   1.925425064e-07
           0.0002      0.3247889125    0.004092542768   3.276319418e-05   2.407509241e-07
        0.0002125      0.3622492764    0.004650289482   3.860039604e-05   2.951787751e-07
         0.000225      0.4009304155    0.005215905048   4.470985395e-05   3.551295819e-07
        0.0002375      0.4406698541    0.005784044736   5.097281638e-05   4.197916455e-07
          0.00025      0.4813012241    0.006351278749   5.726759077e-05   4.877963935e-07
        0.0002625      0.5226544593    0.006916420647   6.348030869e-05   5.577851918e-07
         0.000275      0.5645560956    0.007480707928   6.951709883e-05   6.280127848e-07
        0.0002875      0.6068297205    0.008047746311   7.531632134e-05   6.968816424e-07
           0.0003      0.6492964605    0.008623103486   8.085883237e-05    7.62865229e-07
        0.0003125      0.6917756011    0.009213554853   8.617447978e-05   8.247837763e-07
         0.000325      0.7340853234    0.009826044987   9.134337959e-05   8.819386574e-07
        0.0003375       0.776043586     0.01046654133   9.649148837e-05   9.342093005e-07
          0.00035      0.8174692621     0.01113899112   0.0001017806964   9.822577873e-07
        0.0003625      0.8581833474     0.01184451531   0.0001073940772   1.027407653e-06
         0.000375      0.8980100742     0.01258094474   0.0001135175166   1.071935569e-06
        0.0003875      0.9367780072     0.01334276051   0.0001203190796   1.118515837e-06
           0.0004      0.9743208923     0.01412139725   0.0001279277296   1.170311856e-06
        0.0004125       1.010478225     0.01490591987    0.000136414126   1.230736012e-06
         0.000425        1.04509588     0.01568402568   0.0001457753281   1.303043494e-06
        0.0004375       1.078026606     0.01644330766   0.0001559258859   1.389709596e-06
          0.00045       1.109130351     0.01717260854   0.0001666990383   1.492623804e-06
        0.0004625       1.138274829     0.01786338767   0.0001778571474   1.612708159e-06
         0.000475       1.165335961     0.01851079713   0.0001891097992   1.748592872e-06
        0.0004875       1.190198057     0.01911433061   0.0002001453104   1.898188606e-06
           0.0005       1.212754392     0.01967793759    0.000210664776   2.058548513e-06
        0.0005125       1.232907639     0.02020953151   0.0002204099193   2.221938537e-06
         0.000525       1.250570009     0.02071991367   0.0002292167241   2.386023705e-06
        0.0005375       1.265664019      0.0212213629   0.0002370292216   2.547267256e-06
          0.00055       1.278122968     0.02172591664   0.0002439024419   2.694298294e-06
        0.0005625       1.287891352     0.02224370847   0.0002500399236    2.82512109e-06
         0.000575        1.29492534     0.02278146859   0.0002557625467   2.937836208e-06
        0.0005875       1.299192696     0.02334138299   0.0002614960994   3.038261185e-06
           0.0006       1.300673521     0.02392050292   0.0002676373332   3.094194631e-06
        0.0006125       1.300749662     0.02451753641   0.0002747286574   3.138907289e-06
         0.000625        1.30080789     0.02513017129    0.000283284549   3.212186008e-06
        0.0006375       1.300846924     0.02574869243   0.0002935509627   3.278324237e-06
          0.00065       1.300868269      0.0263620101   0.0003057021151   3.344923185e-06
        0.0006625       1.300873779     0.02696112987   0.0003197337456    3.41976693e-06
         0.000675       1.300865341     0.02754091448   0.0003354730066   3.519027509e-06
        0.0006875       1.300844462     0.02810139276   0.0003525868046   3.663730903e-06
           0.0007       1.300811936      0.0286483234   0.0003705787868   3.859045595e-06
        0.0007125       1.300767638     0.02919305581   0.0003888779918   4.109060706e-06
         0.000725       1.300710312     0.02975134854   0.0004069075279   4.414974978e-06
        0.0007375        1.30063741     0.03034129356   0.0004241505648   4.769192648e-06
          0.00075       1.300545239     0.03098082581   0.0004402289887   5.158281232e-06
        0.0007625       1.300429527     0.03168523647   0.0004549700494   5.565928615e-06
         0.000775       1.300286298     0.03246504827   0.0004684400879   5.970687223e-06
        0.0007875       1.300112784     0.03332452442   0.0004809642217   6.351347227e-06
           0.0008       1.299908118     0.03426095848   0.0004931120073   6.692151186e-06
        0.0008125       1.299673618     0.03526482755   0.0005056429201     6.9848871e-06
         0.000825       1.299412632     0.03632082606   0.0005194138831   7.226546443e-06
        0.0008375       1.299130036     0.03740945014   0.0005350630699   7.314983843e-06
          0.00085       1.298831685     0.03851076164   0.0005536959437   7.448262852e-06
        0.0008625       1.298523739     0.03960599762   0.0005758147441   7.642044111e-06
         0.000875       1.298212389     0.04068147928   0.0006018333189   8.026418418e-06
        0.0008875       1.297902538     0.04172971455   0.0006311423404   8.399927807e-06
           0.0009       1.297598741     0.04275134952   0.0006622901182   8.318477695e-06
        0.0009125       1.297304983       0.043759782   0.0006961546748   8.654489752e-06
         0.000925       1.297023925      0.0447730499   0.0007312362173   9.197226776e-06
        0.0009375       1.296757134     0.04581432213    0.000765735838   9.623033002e-06
          0.00095       1.296505577     0.04691007603    0.000798692412     9.9878404e-06
        0.0009625       1.296269966     0.04808545233   0.0008294478074   1.038066251e-05
         0.000975       1.296051051     0.04936005831    0.000857348933   1.070576332e-05
        0.0009875       1.295849899     0.05074548989   0.0008822105526   1.086601428e-05
            0.001       1.295668008     0.05224379944   0.0009046788633    1.09245971e-05
        0.0010125       1.295507198     0.05384664278   0.0009260679753   1.103666695e-05
         0.001025       1.295369401     0.05553574806   0.0009479963501   1.131624943e-05
        0.0010375       1.295256464     0.05728511815   0.0009721379596   1.179122576e-05
          0.00105       1.295169962     0.05906374195   0.0009994384504   1.211248729e-05
        0.0010625       1.295111162     0.06084350645    0.001032458171   1.283525435e-05
         0.001075       1.295080775     0.06259894727     0.00107194311   1.381031315e-05
        0.0010875       1.295078864     0.06431232355     0.00111755284   1.463255423e-05
           0.0011       1.295104786     0.06597787053    0.001168926687   1.522575373e-05
        0.0011125       1.295157157     0.06760315121    0.001225888477   1.595287934e-05
         0.001125       1.295233816     0.06920614823    0.001286988452   1.684648936e-05
        0.0011375       1.295331939     0.07081360576    0.001350222762   1.788271338e-05
          0.00115       1.295448223     0.07245726868    0.001413280902   1.898099607e-05
        0.0011625       1.295579084     0.07416946514     0.00147396305   2.006457343e-05
         0.001175       1.295720844     0.07597847443     0.00153059892    2.11189217e-05
        0.0011875       1.295869864     0.07790420013    0.001582299346    2.21831634e-05
           0.0012        1.29602264     0.07995489853    0.001629059785   2.330512475e-05
        0.0012125       1.296175875      0.0821255893    0.001671777472   2.450643325e-05
         0.001225       1.296326532      0.0843984491    0.001712185356   2.576999658e-05
        0.0012375       1.296471867     0.08674515065    0.001752680315   2.704065602e-05
          0.00125       1.296609439     0.08913083809    0.001796063564   2.823989539e-05
        0.0012625       1.296737081     0.09151920368    0.001845246588   2.930506768e-05
         0.001275       1.296852858     0.09387784423    0.001902908492   3.022252026e-05
        0.0012875       1.296955003     0.09618304837    0.001971118177   3.103359664e-05
           0.0013       1.297041879     0.09842331635    0.002050994811   3.182219349e-05
        0.0013125       1.297111956      0.1006010018    0.002142399399   3.265202463e-05
         0.001325       1.297163836      0.1027321921    0.002244009916   3.362328255e-05
        0.0013375       1.297196292      0.1048443569    0.002353383649   3.481776264e-05
          0.00135       1.297208333      0.1069721864    0.002467148692   3.624602237e-05
        0.0013625       1.297199273      0.1091528121    0.002581675348   3.794832419e-05
         0.001375       1.297168781      0.1114202569    0.002693569139   3.998144248e-05
        0.0013875       1.297116923      0.1138002756    0.002800124017    4.23724502e-05
           0.0014       1.297044173      0.1163064439    0.002899759943   4.510678126e-05
        0.0014125       1.296951409      0.1189380511    0.002992328707   4.811697703e-05
         0.001425       1.296839879      0.1216801231    0.003079241817   5.128322918e-05
        0.0014375       1.296711141      0.1245056024    0.003163405296   5.445067387e-05
          0.00145       1.296566999      0.1273793642    0.003248958292   5.746588576e-05
        0.0014625       1.296409423      0.1302634228    0.003340808157    6.02059685e-05
         0.001475       1.296240486      0.1331225324    0.003444007936   6.259811429e-05
        0.0014875       1.296062314      0.1359293498    0.003563061422    6.46244481e-05
           0.0015       1.295877056      0.1386684109    0.003701272064   6.632232738e-05
        0.0015125       1.295686872      0.1413383424    0.003860240981   6.778362296e-05
         0.001525       1.295493934      0.1439519801      0.0040395944   6.915218295e-05
        0.0015375       1.295300422      0.1465343751    0.004236987341   7.061639693e-05
          0.00155       1.295108511      0.1491189741    0.004448384663   7.239008047e-05
        0.0015625       1.294920353      0.1517425887    0.004668624055   7.469838805e-05
         0.001575        1.29473803      0.1544398459    0.004892137847   7.774186271e-05
        0.0015875       1.294563502      0.1572379792    0.005113755721   8.165160368e-05
           0.0016       1.294398551      0.1601528209    0.005329540633     8.6474151e-05
        0.0016125       1.294244715      0.1631865111     0.00553746753     9.2154428e-05
         0.001625       1.294103233      0.1663272938    0.005737871425   9.853652673e-05
        0.0016375       1.293975006      0.1695514121    0.005933586798   0.0001053835337
          0.00165       1.293860564      0.1728267772    0.006129728095   0.0001124082622
        0.0016625       1.293760068      0.1761178321    0.006333118708    0.000119308721
         0.001675       1.293673325      0.1793908667    0.006551438251   0.0001258063407
        0.0016875        1.29359983      0.1826189867    0.006792204366   0.0001316850792
           0.0017       1.293538826      0.1857859981    0.007061732407   0.0001368274466
        0.0017125       1.293489366      0.1888886381    0.007364224296   0.0001412421997
         0.001725       1.293450384      0.1919368392    0.007701124649   0.0001450782768
        0.0017375       1.293420754      0.1949520148    0.008070848299   0.0001486202426
          0.00175       1.293399276      0.1979585576    0.008464418799   0.0001499662106
        0.0017625       1.293384938       0.200998994    0.008883650064   0.0001539362816
         0.001775       1.293376615      0.2041050454    0.009320324296   0.0001609491638
        0.0017875       1.293373076      0.2072965332    0.009761322791   0.0001689877462
           0.0018       1.293373107      0.2105866865     0.01019740716   0.0001773501845
        0.0018125       1.293375517      0.2139821547     0.01062608311   0.0001874620182
         0.001825       1.293379008      0.2174752912     0.01104606113   0.0001996063747
        0.0018375       1.293382159      0.2210469767      0.0114588089   0.0002134942898
          0.00185       1.293383453      0.2246701481     0.01186878541    0.000228427949
        0.0018625        1.29338133      0.2283147646     0.01228351195   0.0002436664514
         0.001875       1.293374256      0.2319526499     0.01271279734   0.0002586298245
        0.0018875       1.293360789      0.2355615909     0.01316726961   0.0002729314078
           0.0019       1.293339652      0.2391284834     0.01365674068    0.000286388886
        0.0019125       1.293309798      0.2426510944     0.01418867555    0.000299033107
         0.001925       1.293270464      0.2461380555     0.01476687947    0.000311059841
        0.0019375       1.293221202      0.2496071753     0.01539065276   0.0003227530653
          0.00195        1.29316189      0.2530825612     0.01605471751    0.000334468544
        0.0019625       1.293092731      0.2565910768     0.01674999491    0.000346700313
         0.001975       1.293014225      0.2601585375     0.01746499896    0.000360146581
        0.0019875       1.292927124      0.2638060345     0.01818748215   0.0003756728882
            0.002       1.292832381      0.2675468754     0.01890604711   0.0003941467111
        0.0020125       1.292731095      0.2713846933     0.01961159053   0.0004162164321
         0.002025       1.292624461      0.2753131361     0.02029851401   0.0004421446051
        0.0020375       1.292513736      0.2793172331     0.02096559969     0.00047176691
          0.00205       1.292400217      0.2833761487      0.0216163751    0.000504571214
        0.0020625        1.29228523      0.2874667503     0.02225878698   0.0005398346348
         0.002075       1.292170118      0.2915673157     0.02290411413   0.0005767523583
        0.0020875        1.29205624      0.2956607804     0.02356523699   0.0006145297005
           0.0021       1.291944963      0.2997370976     0.02425455719   0.0006524520767
        0.0021125       1.291837659      0.3037944614     0.02498194695    0.000689963767
         0.002125         1.2917357      0.3078393015     0.02575308547   0.0007267700347
        0.0021375       1.291640446      0.3118850954     0.02656843865   0.0007629458861
          0.00215       1.291553237      0.3159501756     0.02742301042   0.0007990121723
        0.0021625       1.291475369      0.3200548393     0.02830686196   0.0008359321837
         0.002175       1.291408072      0.3242180851     0.02920620363   0.0008749515435
        0.0021875       1.291352492      0.3284552917      0.0301056945   0.0009177112332
           0.0022        1.29130966      0.3327756881     0.03099020884     0.00096586756
        0.0022125       1.291280464       0.337180614     0.03184643687    0.001020601053
         0.002225       1.291265635      0.3416643282     0.03266545952    0.001082810935
        0.0022375       1.291265732       0.346215053     0.03344396383    0.001152947068
          0.00225       1.291281123      0.3508169264     0.03418469466    0.001230921891
        0.0022625       1.291311975      0.3554526083     0.03489612695    0.001316156309
         0.002275       1.291358247      0.3601059314     0.03559121138     0.00140766363
        0.0022875       1.291419686      0.3647641607     0.03628534447    0.001504154219
           0.0023       1.291495827      0.3694196682     0.03699397221    0.001604212111
        0.0023125       1.291586009      0.3740708399     0.03773022648    0.001706545188
         0.002325       1.291689385      0.3787220743     0.03850289573    0.001810245859
        0.0023375       1.291804955      0.3833828503     0.03931499323    0.001914998127
          0.00235       1.291931589      0.3880660296     0.04016315087    0.002021198632
        0.0023625       1.292068072      0.3927857567     0.04103795937    0.002129977124
         0.002375       1.292213132      0.3975552368     0.04192522874    0.002243111599
        0.0023875       1.292365482      0.4023847811     0.04280799206     0.00236284378
           0.0024       1.292523847      0.4072803748     0.04366897521    0.002491622651
        0.0024125       1.291297327      0.4122360573      0.0444931622    0.002631817373
         0.002425        1.28730336      0.4172378176     0.04527009201     0.00278543062
        0.0024375       1.280561097      0.4222726362     0.04599552208    0.002953844677
          0.00245       1.271099255      0.4273256599     0.04667215549    0.003137641625
        0.0024625       1.258958187      0.4323804167     0.04730932152    0.003336527097
         0.002475       1.244189836      0.4374208632     0.04792165413     0.00354936637
        0.0024875       1.226857772      0.4424332538     0.04852694867    0.003774340877
           0.0025       1.207037156      0.4474076589     0.04914354395    0.004009222334
        0.0025125       1.184814553      0.4523389225     0.04978760418    0.004251722292
         0.002525       1.160287762      0.4572271316     0.05047073324    0.004499881499
        0.0025375       1.133565619      0.4620776944     0.05119822445    0.004752409082
          0.00255       1.104767519      0.4669005724     0.05196822844    0.005008924359
        0.0025625       1.074022522      0.4717091213     0.05277208361    0.005270128141
         0.002575       1.041468112      0.4765183325     0.05359559161    0.005537766811
        0.0025875       1.007248849      0.4813428799     0.05442111535    0.005814425438
           0.0026      0.9715151399      0.4861954493     0.05523032289     0.00610324669
        0.0026125      0.9344223112      0.4910854478     0.05600700724    0.006407522346
         0.002625        0.89613001      0.4960182941      0.0567396084    0.006730241748
        0.0026375      0.8568018636      0.5009950774     0.05742284541    0.007073541524
          0.00265       0.816605228       0.506013524      0.0580592343    0.007438738865
        0.0026625      0.7757108796       0.511068263      0.0586585061    0.007825924853
         0.002675      0.7342926036      0.5161508351     0.05923543579    0.008233440062
        0.0026875      0.6925267104      0.5212516146     0.05980861668     0.00865859258
           0.0027       0.650591502      0.5263607643     0.06039751647    0.009097878273
        0.0027125      0.6086666873      0.5314692661     0.06101943875    0.009547352104
         0.002725      0.5669326937      0.5365701786     0.06168704454     0.01000322152
        0.0027375      0.5255698167      0.5416595739     0.06240647728      0.0104623764
          0.00275      0.4847572054      0.5467370379     0.06317639702     0.01092279518
        0.0027625      0.4446717492      0.5518058396     0.06398817163     0.01138381595
         0.002775      0.4054869756      0.5568727569     0.06482726097     0.01184626478
        0.0027875      0.3673720604      0.5619475182     0.06567550195     0.01231236486
           0.0028      0.3304909993      0.5670419727     0.06651389523     0.01278540048
        0.0028125       0.295001932      0.5721690373     0.06732549487     0.01326919042
         0.002825      0.2610565703      0.5773414861      0.0680979966     0.01376746136
        0.0028375      0.2287996833      0.5825707346     0.06882563258     0.01428321058
          0.00285      0.1983686153      0.5878657142     0.06951007239     0.01481814445
        0.0028625      0.1698928376      0.5932318224     0.07016019481     0.01537227855
         0.002875      0.1434935471      0.5986703031     0.07079077646     0.01594377112
        0.0028875      0.1192833431      0.6041780255     0.07142030445     0.01652902553
           0.0029     0.09736586955      0.6097477305     0.07206823998     0.01712305298
        0.0029125     0.07783540031      0.6153688663     0.07275213856     0.01772004547
         0.002925     0.06077657655      0.6210288717     0.07348506144     0.01831408065
        0.0029375     0.04626396468       0.626714572     0.07427367193     0.01889986302
          0.00295     0.03436161664      0.6324138729     0.07511731268     0.01947339854
        0.0029625     0.02512265046      0.6381172672     0.07600819579      0.0200325033
         0.002975     0.01858887354      0.6438192047     0.07693268378     0.02057706624
        0.0029875     0.01479046029      0.6495188574     0.07787342852     0.02110901188
            0.003     0.01374570389      0.6552204894     0.07881205452     0.02163195287
        0.0030125     0.01407128859      0.6609261557     0.07973195595      0.0221505964
         0.003025     0.01437970988       0.666638534     0.08062079311     0.02266993515
        0.0030375     0.01467243052      0.6723675766     0.08147235747     0.02319440122
          0.00305     0.01494826442      0.6781243954      0.0822874694     0.02372706273
        0.0030625     0.01520571716      0.6839175988     0.08307384064     0.02426903493
         0.003075     0.01544328254      0.6897516157     0.08384488903     0.02481914228
        0.0030875     0.01565986162      0.6956254492     0.08461771648     0.02537392887
           0.0031     0.01585512451      0.7015699045     0.08545803197     0.02595651699
        0.0031125     0.01602969977      0.7074533631     0.08623150402     0.02646916716
         0.003125      0.0161857098      0.7133842465     0.08711290333     0.02700336618
        0.0031375     0.01632608655      0.7192989994     0.08804948393     0.02751535484
          0.00315      0.0164553668      0.7251720657     0.08903623899     0.02799775251
        0.0031625      0.0165787756      0.7309954469     0.09007781758     0.02845435403
         0.003175     0.01670140321      0.7367583905     0.09116343399     0.02888541512
        0.0031875     0.01682709532      0.7424511424     0.09227253686     0.02929044069
           0.0032     0.01695791999      0.7480756816     0.09338939817      0.0296750457
        0.0032125     0.01709387354      0.7536445387     0.09450339006     0.03004871381
         0.003225     0.01723299499      0.7591732986     0.09560330328     0.03041912618
        0.0032375     0.01737184181      0.7646774764     0.09667759802     0.03079031177
          0.00325     0.01750611543      0.7701730921     0.09771924071     0.03116396162
        0.0032625     0.01763123808      0.7756763231     0.09872891417     0.03154047429
         0.003275     0.01774280999      0.7812011692      0.0997150979      0.0319190412
        0.0032875     0.01783697719        0.78675682      0.1006926167     0.03229767612
           0.0033     0.01791073498      0.7923455766      0.1016801711     0.03267332932
        0.0033125     0.01796213583      0.7979613089       0.102696558     0.03304169513
         0.003325     0.01799033919      0.8035886329      0.1037565079     0.03339699249
        0.0033375     0.01799545934      0.8092039708      0.1048680669     0.03373254216
          0.00335       0.017978229      0.8147793113      0.1060324888     0.03404239466
        0.0033625     0.01793969524       0.820287159      0.1072458838     0.03432331147
         0.003375     0.01788045664      0.8257032761      0.1084989365     0.03457483728
        0.0033875     0.01780077392      0.8310181329      0.1097879389      0.0348048241
           0.0034     0.01770036102      0.8362227193      0.1110965639     0.03501777595
        0.0034125     0.01757850978      0.8413225342      0.1124134108     0.03522282051
         0.003425     0.01743424353      0.8463309515      0.1137258741     0.03542796212
        0.0034375       0.017266527        0.85126845      0.1150232585     0.03563984291
          0.00345     0.01707445757      0.8561611992      0.1162996375     0.03586361794
        0.0034625     0.01685742881      0.8610377248      0.1175549918      0.0361024481
         0.003475     0.01661528396      0.8659244222      0.1187947307     0.03635684619
        0.0034875     0.01634845798      0.8708416934       0.120028407     0.03662436159
           0.0035     0.01605807922      0.8757998368      0.1212677324      0.0368996081
        0.0035125     0.01574599687      0.8807975351      0.1225246991     0.03717494585
         0.003525     0.01541472006      0.8858214359      0.1238098504      0.0374415997
        0.0035375     0.01506728048      0.8908479277      0.1251311944     0.03769119002
          0.00355      0.0147070502      0.8958465703      0.1264936391      0.0379172867
        0.0035625     0.01433755353      0.9007842982      0.1278987333     0.03811659655
         0.003575     0.01396234747      0.9056113521      0.1293159241     0.03827343564
        0.0035875     0.01358448188      0.9103918298      0.1308832947     0.03847287065
           0.0036     0.01320833282      0.9149282937      0.1322910449     0.03854997093
        0.0036125     0.01283488876      0.9194476666      0.1339198107     0.03873633099
         0.003625     0.01246839496      0.9237319646      0.1353691589     0.03881835493
        0.0036375     0.01210954688      0.9280083006      0.1369931073     0.03901235404
          0.00365     0.01176163526      0.9321040849      0.1384273698     0.03912053575
        0.0036625     0.01142473021       0.936258628      0.1400365939     0.03935864541
         0.003675     0.01110172291      0.9403003156      0.1414516717     0.03951430681
        0.0036875     0.01079246901      0.9444556921      0.1430359962     0.03979334868
           0.0037     0.01049947483      0.9485474548      0.1444405078     0.03998313945
        0.0037125     0.01022244728      0.9527838543      0.1460388861     0.04028834149
         0.003725    0.009963707754      0.9569613457      0.1474844006     0.04049195436
        0.0037375    0.009722855224      0.9612582583      0.1491445613     0.04079455938
          0.00375    0.009501874796      0.9654441718      0.1506626339     0.04097665172
        0.0037625    0.009299946031      0.9696796561      0.1524023462     0.04124327757
         0.003775    0.009118460787      0.9737271467      0.1539959755     0.04137872333
        0.0037875    0.008955892205      0.9777489578      0.1558060273      0.0415973182
           0.0038    0.008812926682      0.9815284064      0.1574629346     0.04169374671
        0.0038125    0.008687239718      0.9852445375      0.1593277227     0.04188958808
         0.003825    0.008578942547      0.9887164098      0.1610313921     0.04198601607
        0.0038375    0.008485139092      0.9921241931      0.1628981737     0.04218583229
          0.00385    0.008405407396      0.9953895403      0.1647033202     0.04237173355
        0.0038625    0.008337240625       0.998572663      0.1664987643       0.042582621
         0.003875    0.008278724868       1.001719822      0.1683036181     0.04283481262
        0.0038875    0.008228250708       1.004853948      0.1700971904      0.0431150737
           0.0039    0.008184048953       1.007992093      0.1718665742     0.04340945953
        0.0039125     0.00814419268       1.011158998      0.1736432958      0.0437265298
         0.003925    0.008107009478       1.014353695      0.1754334805     0.04405686275
        0.0039375    0.008070910205       1.017554479      0.1772289568      0.0443816785
          0.00395    0.008034259824       1.020730454      0.1790277689     0.04468725608
        0.0039625    0.007995406255       1.023851675      0.1808461423     0.04497379348
         0.003975    0.007952819594       1.026888116      0.1827031014       0.045247488
        0.0039875    0.007905133146       1.029808926       0.184607749      0.0455137344
            0.004    0.007851142263       1.032587877      0.1865606825     0.04577807127
        0.0040125    0.007789807506       1.035208899      0.1885583588     0.04604805732
         0.004025    0.007720308523       1.037667976      0.1905936194     0.04633222239
        0.0040375    0.007642094009       1.039973554      0.1926560331     0.04663854556
          0.00405    0.007554909033       1.042145233      0.1947347358      0.0469742364
        0.0040625    0.007458793009       1.044211631      0.1968211187     0.04734545835
         0.004075     0.00735406677       1.046205017       0.198908705      0.0477557172
        0.0040875    0.007241285163        1.04815532      0.2009913168     0.04820382786
           0.0041     0.00712118566        1.05008455      0.2030621487     0.04868312031
        0.0041125    0.006994612558       1.052003825      0.2051150929      0.0491826795
         0.004125    0.006862456784       1.053912519      0.2071475946     0.04969011492
        0.0041375    0.006725604384       1.055799174      0.2091629328     0.05019446322
          0.00415     0.00658492212       1.057643887       0.211170466     0.05068813206
        0.0041625    0.006441244006       1.059420917      0.2131836179     0.05116749602
         0.004175    0.006295357955       1.061102079      0.2152166508     0.05163252896
        0.0041875    0.006148043356       1.062660141      0.2172817754     0.05208619695
           0.0042    0.006000105473       1.064072667       0.219387608     0.05253407173
        0.0042125      0.0058524205       1.065325539      0.2215389521     0.05298407482
         0.004225    0.005705930784       1.066415324      0.2237371567     0.05344592059
        0.0042375    0.005561781113       1.067349203      0.2259803157     0.05392992609
          0.00425    0.005420936037       1.068143477       0.228263091     0.05444525657
        0.0042625    0.005284778129       1.068820566      0.2305765345     0.05499806635
         0.004275    0.005154305409       1.069404479      0.2329084997     0.05559013503
        0.0042875    0.005030413172       1.069917226      0.2352450055     0.05621843732
           0.0043    0.004913828284       1.070375073      0.2375724554     0.05687573768
        0.0043125    0.004805052982       1.070786717       0.239880148     0.05755195691
         0.004325    0.004704328005       1.071152117      0.2421623483     0.05823587409
        0.0043375    0.004611616935       1.071462868      0.2444193502     0.05891675285
          0.00435    0.004526614113        1.07170355      0.2466573622     0.05958565771
        0.0043625    0.004448773505       1.071854139      0.2488874323     0.06023640685
         0.004375    0.004377353142       1.071892978      0.2511238451     0.06086620667
        0.0043875    0.004311467007       1.071800099      0.2533823614     0.06147597568
           0.0044     0.00425013656       1.071560164      0.2556784801     0.06207027857
        0.0044125    0.004192334426        1.07116478      0.2580257367     0.06265675185
         0.004425    0.004136901738       1.070619639      0.2604658936     0.06326529145
        0.0044375    0.004083476655       1.069905336      0.2628565153     0.06381134931
          0.00445    0.004029111709       1.069085691      0.2654890269     0.06449197866
        0.0044625    0.003975386422       1.068116673      0.2679885433     0.06507570894
         0.004475    0.003918735221       1.067074223      0.2707173327     0.06580727949
        0.0044875     0.00386079968       1.065922564       0.273306452     0.06645518279
           0.0045    0.003798021031       1.064719175      0.2760874493     0.06724098993
        0.0045125    0.003732137952       1.063424081      0.2786903797     0.06792315169
         0.004525    0.003659386615       1.062078057      0.2814628355     0.06872789352
        0.0045375    0.003581628239       1.060636367       0.284052765     0.06941429956
          0.00455    0.003495167884       1.059120216      0.2868013321     0.07019889806
        0.0045625    0.003402160633       1.057482903      0.2893668841     0.07084090396
         0.004575    0.003299022173       1.055736459      0.2920960853     0.07155798319
        0.0045875    0.003188169841       1.053843275      0.2946671296     0.07212326727
           0.0046    0.003066272771       1.051814822      0.2974054483     0.07274196706
        0.0046125    0.002935130705       1.049638992       0.300143671     0.07329642964
         0.004625     0.00279415281       1.047320449      0.3029463927     0.07382643526
        0.0046375    0.002643166285       1.044869993      0.3058469188     0.07435601947
          0.00465    0.002482410613       1.042298388      0.3088338506     0.07488321643
        0.0046625    0.002312295576       1.039618072      0.3118970069     0.07541022943
         0.004675    0.002133296654        1.03684228      0.3150329359     0.07594569685
        0.0046875    0.001946058649        1.03398178      0.3182284663     0.07649192308
           0.0047    0.001751430855       1.031043268      0.3214616623     0.07704401696
        0.0047125    0.001550371164       1.028028934      0.3247144913     0.07759701899
         0.004725    0.001343882265       1.024936573      0.3279773237     0.07814774964
        0.0047375    0.001133041856       1.021759573      0.3312452252     0.07869169137
          0.00475   0.0009190436643       1.018488209      0.3345157707     0.07922155969
        0.0047625   0.0007031876243       1.015111446      0.3377903976     0.07972888664
         0.004775   0.0004868328098       1.011618956      0.3410756139      0.0802059323
        0.0047875   0.0002713462825       1.008002789      0.3443823516     0.08064676236
           0.0048   5.806589568e-05       1.004259136      0.3477228908     0.08104703285
        0.0048125  -0.0001517966185       1.000387835      0.3511160126     0.08140884959
         0.004825   -0.000357138823      0.9963930967       0.354580237     0.08173785953
        0.0048375  -0.0005569071007      0.9922830124      0.3581238797     0.08203787933
          0.00485   -0.000750156548      0.9880671948       0.361752306     0.08231559431
        0.0048625  -0.0009360167167      0.9837563713      0.3654642808     0.08257793067
         0.004875   -0.001113681326      0.9793605804      0.3692504207     0.08283017486
        0.0048875   -0.001282426328      0.9748877666      0.3730955736     0.08307611766
           0.0049   -0.001441631935      0.9703431843      0.3769821347     0.08331846831
        0.0049125   -0.001590798707      0.9657287286      0.3808935213     0.08355922844
         0.004925    -0.00172953749        0.96104292      0.3848153768      0.0837987959
        0.0049375   -0.001857559332      0.9562812519      0.3887368067     0.08403547623
          0.00495     -0.0019746778      0.9514372702       0.392651943      0.0842657902
        0.0049625   -0.002080820337      0.9465038098      0.3965610831     0.08448521074
         0.004975   -0.002176042529      0.9414743236      0.4004709557     0.08468906423
        0.0049875   -0.002260536843      0.9363437479      0.4043939688     0.08487340399
            0.005    -0.00233463101      0.9311097032      0.4083464493     0.08503560673
        0.0050125   -0.002398775383      0.9257726319      0.4123457564     0.08517453291
         0.005025   -0.002453520968       0.920335736      0.4164071968     0.08529037179
        0.0050375   -0.002499497344      0.9148048539      0.4205412925     0.08538444392
          0.00505   -0.002537393186      0.9091872124      0.4247520805     0.08545910258
        0.0050625   -0.002567940849      0.9034912474      0.4290365906     0.08551769418
         0.005075   -0.002591902381      0.8977251512      0.4333854027     0.08556444466
        0.0050875   -0.002610054796      0.8918962083      0.4377840458     0.08560416984
           0.0051   -0.002623173851      0.8860103318      0.4422149988     0.08564180545
        0.0051125   -0.002632017169      0.8800708699      0.4466600656     0.08568184852
         0.005125   -0.002637308154      0.8740791626      0.4511028708     0.08572785168
        0.0051375   -0.002639722311      0.8680343711      0.4555311891     0.08578208633
          0.00515   -0.002639877093      0.8619339813      0.4599387744     0.08584543144
        0.0051625   -0.002638323994      0.8557744479      0.4643263415        0.08591745
         0.005175   -0.002635542914      0.8495518938      0.4687014616     0.08599658473
        0.0051875   -0.002631938147      0.8432629923      0.4730773117     0.08608040397
           0.0052   -0.002627843469      0.8369052484      0.4774704653     0.08616587579
        0.0052125   -0.002623535948      0.8304777724      0.4818981137     0.08624969413
         0.005225   -0.002619155249      0.8239814059       0.486375222     0.08632868461
        0.0052375   -0.002614790128       0.817418791      0.4909120959     0.08640028067
          0.00525   -0.002610533847      0.8107942095      0.4955127208     0.08646300556
        0.0052625   -0.002606252181      0.8041132944      0.5001740751      0.0865168586
         0.005275   -0.002601859957      0.7973824912      0.5048864678     0.08656350932
        0.0052875   -0.002597179936      0.7906085054      0.5096348227     0.08660624438
           0.0053   -0.002591975885      0.7837977059      0.5144007413     0.08664968091
        0.0053125   -0.002585957607      0.7769555825      0.5191650675     0.08669929711
         0.005325   -0.002578781687      0.7700863246       0.523910608     0.08676086048
        0.0053375   -0.002570085591      0.7631925556      0.5286245956     0.08683982074
          0.00535     -0.0025594307      0.7562752725      0.5333004687     0.08694070706
        0.0053625   -0.002546318003       0.749333923      0.5379387969     0.08706666888
         0.005375   -0.002530264935      0.7423666563      0.5425470067     0.08721907955
        0.0053875   -0.002510765502      0.7353708529      0.5471379117     0.08739730612
           0.0054    -0.00248730909      0.7283434262      0.5517276919     0.08759883057
        0.0054125   -0.002459411715      0.7212815751      0.5563331896     0.08781958235
         0.005425   -0.002426575115      0.7141831751      0.5609691984     0.08805452222
        0.0054375   -0.002388377573      0.7070472785      0.5656460706     0.08829841726
          0.00545   -0.002344471522      0.6998743987      0.5703680967     0.08854666818
        0.0054625   -0.002294563985      0.6926666538      0.5751327097     0.08879606013
         0.005475   -0.002238460553      0.6854276926      0.5799307254     0.08904532668
        0.0054875   -0.002176044533      0.6781624368      0.5847475763     0.08929545418
           0.0055   -0.002107332147      0.6708766532      0.5895653584     0.08954968094
        0.0055125   -0.002032440053       0.663576424      0.5943653779     0.08981318305
         0.005525   -0.001951576929      0.6562675705      0.5991308201     0.09009247843
        0.0055375   -0.001865028157      0.6489550883       0.603849129     0.09039462043
          0.00555   -0.001773151336      0.6416426837      0.6085137267       0.090726273
        0.0055625   -0.001676366439      0.6343323848      0.6131248212     0.09109279794
         0.005575   -0.001575137395      0.6270247157      0.6176891881     0.09149748252
        0.0055875   -0.001469962808      0.6197182734      0.6222189852      0.0919410355
           0.0056   -0.001361372155      0.6124104471      0.6267298009     0.09242143998
        0.0056125   -0.001249921876      0.6050977086      0.6312382383      0.0929341956
         0.005625   -0.001136180876      0.5977762683      0.6357594014     0.09347292421
        0.0056375   -0.001020764715      0.5904426565      0.6403046504     0.09403025568
          0.00565  -0.0009043205351      0.5830942791      0.6448799447     0.09459886367
        0.0056625  -0.0007875193785      0.5757301693      0.6494850165     0.09517251172
         0.005675  -0.0006710604623      0.5683508097      0.6541134756     0.09574694996
        0.0056875  -0.0005556671609      0.5609585681      0.6587538262     0.09632053906
           0.0057  -0.0004420762444      0.5535574639      0.6633912288     0.09689450506
        0.0057125  -0.0003310344861      0.5461527946      0.6680097306     0.09747277667
         0.005725   -0.000223276147      0.5387505982       0.672594621     0.09806141711
        0.0057375  -0.0001195324302      0.5313570239      0.6771345588       0.098667724
          0.00575  -2.049316585e-05      0.5239776847      0.6816231615     0.09929912303
        0.0057625   7.320881638e-05      0.5166170509      0.6860598347      0.0999620162
         0.005775   0.0001610063758      0.5092780564      0.6904497449      0.1006607576
        0.0057875   0.0002424110114      0.5019617477      0.6948029572      0.1013969137
           0.0058   0.0003170228577      0.4946673457      0.6991328943      0.1021689245
        0.0058125   0.0003845361001      0.4873924328      0.7034543526      0.1029722248
         0.005825   0.0004447414495      0.4801333873      0.7077813738      0.1037998082
        0.0058375   0.0004975247427      0.4728859538      0.7121252863      0.1046431649
          0.00585   0.0005428625534      0.4656459012      0.7164931878      0.1054934518
        0.0058625   0.0005808145426      0.4584096705      0.7208870796       0.106342732
         0.005875   0.0006115136061      0.4511749288      0.7253037552      0.1071850982
        0.0058875   0.0006351545652      0.4439409629       0.729735432      0.1080175106
           0.0059   0.0006519823247      0.4367088594      0.7341710105      0.1088402219
        0.0059125    0.000662280606      0.4294814351      0.7385977549      0.1096567187
         0.005925   0.0006663622319      0.4222629799      0.7430031358      0.1104731812
        0.0059375   0.0006645615862      0.4150588397      0.7473765651      0.1112975339
          0.00595   0.0006572294079      0.4078746188      0.7517107783      0.1121382271
        0.0059625   0.0006447298792       0.400715729      0.7560026956      0.1130029369
         0.005975   0.0006274396484      0.3935866776      0.7602536343      0.1138973573
        0.0059875   0.0006057479822      0.3864906404      0.7644689134      0.1148243049
            0.006   0.0005800575731      0.3794290562      0.7686568986      0.1157832379
        0.0060125   0.0005507850494      0.3724014915      0.7728276582      0.1167702833
         0.006025   0.0005183603907      0.3654058362       0.776991455      0.1177787883
        0.0060375   0.0004832246554      0.3584385905      0.7811572521      0.1188002739
          0.00605   0.0004458254963      0.3514953579      0.7853314815      0.1198256999
        0.0060625   0.0004066105719      0.3445714396      0.7895172128      0.1208468271
         0.006075   0.0003660189903      0.3376624885      0.7937138139      0.1218574705
        0.0060875   0.0003244713222      0.3307649694      0.7979171223      0.1228544504
           0.0061   0.0002823590209      0.3238768914      0.8021200966      0.1238381179
        0.0061125   0.0002400343164      0.3169978086       0.806313793      0.1248123248
         0.006125   0.0001978019856      0.3101289937      0.8104885559      0.1257838857
        0.0061375   0.0001559124379      0.3032733328      0.8146352109      0.1267615638
          0.00615   0.0001145579433      0.2964349871      0.8187461243      0.1277547532
        0.0061625   7.385825226e-05      0.2896188528      0.8228160093      0.1287720755
         0.006175   3.390364122e-05      0.2828300229      0.8268423524      0.1298200495
        0.0061875  -5.288377981e-06      0.2760732088      0.8308254686      0.1309020951
           0.0062    -4.3735014e-05      0.2693521756      0.8347681632      0.1320179569
        0.0062125  -8.148525048e-05      0.2626692915      0.8386751391      0.1331637563
         0.006225  -0.0001186128999      0.2560253138       0.842552175       0.134332533
        0.0062375  -0.0001552049024      0.2494196971      0.8464051161      0.1355150765
          0.00625  -0.0001913591687      0.2428498466       0.850239281       0.136701761
        0.0062625  -0.0002271752673      0.2363119228       0.854058649      0.1378837994
         0.006275  -0.0002627434984      0.2298023095      0.8578650575      0.1390540521
        0.0062875  -0.0002981421504      0.2233169548      0.8616583508      0.1402087355
           0.0063  -0.0003334429949      0.2168522284      0.8654363444      0.1413478479
        0.0063125  -0.0003687016239       0.210405667      0.8691950562      0.1424750601
         0.006325  -0.0004039601118      0.2039762381      0.8729292108      0.1435972068
        0.0063375  -0.0004392451989      0.1975645295        0.87663285      0.1447232553
          0.00635   -0.000474567435       0.191172851      0.8802999405       0.145862871
        0.0063625  -0.0005099255605      0.1848051141      0.8839249595      0.1470248794
         0.006375  -0.0005452850404      0.1784664166      0.8875034163      0.1482159039
        0.0063875  -0.0005806055238       0.172162463      0.8910322346      0.1494393386
           0.0064   -0.000615823644        0.16589898      0.8945099428      0.1506947797
        0.0064125  -0.0006508544869      0.1596811685      0.8979366701      0.1519780158
         0.006425  -0.0006855896153      0.1535132399      0.9013139748      0.1532816087
        0.0064375   -0.000719895481      0.1473979611      0.9046445321      0.1545959796
          0.00645  -0.0007536122414      0.1413366064      0.9079317176       0.155910832
        0.0064625  -0.0007865526626      0.1353288865      0.9111791465      0.1572166961
         0.006475  -0.0008185020012       0.129373217       0.914390115      0.1585063689
        0.0064875  -0.0008492185954      0.1234669873      0.9175673132      0.1597760209
           0.0065  -0.0008784365983      0.1176071519      0.9207123168      0.1610258255
        0.0065125  -0.0009058680339      0.1117907742      0.9238254144      0.1622599573
         0.006525  -0.0009312069391      0.1060155717      0.9269054988      0.1634860115
        0.0065375  -0.0009541342418       0.100280409      0.9299500918      0.1647138985
          0.00655  -0.0009743235384     0.09458564384      0.9329555394      0.1659544002
        0.0065625  -0.0009914472499     0.08893326338      0.9359173379      0.1672176044
         0.006575   -0.001005183049     0.08332678936      0.9388305505      0.1685114541
        0.0065875   -0.001015220911     0.07777109457       0.941690267      0.1698406254
           0.0066   -0.001021269431     0.07227186464      0.9444920935      0.1712059061
        0.0066125   -0.001023060995     0.06683506545      0.9472325299      0.1726041533
         0.006625   -0.001020356084     0.06146661945      0.9499093055      0.1740288606
        0.0066375   -0.001012946602      0.0561716052      0.9525215397      0.1754712315
          0.00665     -0.0010006584     0.05095393607      0.9550697546       0.176921613
        0.0066625  -0.0009833525226     0.04581604506      0.9575557217      0.1783710631
         0.006675  -0.0009609254425     0.04075877275      0.9599821474      0.1798128183
        0.0066875  -0.0009333092632     0.03578136716      0.9623522568      0.1812434327
           0.0067  -0.0009004714608     0.03088185412      0.9646692882      0.1826634301
        0.0067125  -0.0008624145565     0.02605742226      0.9669359864      0.1840773458
         0.006725  -0.0008191759738     0.02130491887      0.9691541524      0.1854931866
        0.0067375  -0.0007708280176     0.01662149727      0.9713243016      0.1869213687
          0.00675  -0.0007174784274     0.01200487273       0.973445474      0.1883733188
        0.0067625  -0.0006592711435    0.007453655121      0.9755152398      0.1898599768
         0.006775  -0.0005963828854    0.002968576482      0.9775299431      0.1913900477
        0.0067875  -0.0005290249828   -0.001448230272      0.9794850076       0.192969013
           0.0068  -0.0004574458209   -0.005794013755       0.981375364      0.1945987848
        0.0068125  -0.0003819231985    -0.01006478503      0.9831960429      0.1962771449
         0.006825  -0.0003027627187    -0.01425569949       0.984942685      0.1979983339
        0.0068375  -0.0002202945215    -0.01836187665      0.9866120428       0.199754101
          0.00685  -0.0001348674073    -0.02237869057      0.9882022174      0.2015350043
        0.0068625  -4.684405515e-05    -0.02630253473      0.9897128994      0.2033318984
         0.006875   4.340456149e-05    -0.03013090921      0.9911452462       0.205137411
        0.0068875   0.0001355046265    -0.03386280958      0.9925016637      0.2069471226
           0.0069   0.0002290838429    -0.03749901016      0.9937854046      0.2087602534
        0.0069125    0.000323777562    -0.04104136815      0.9950000662      0.2105797969
         0.006925   0.0004192312689    -0.04449295263       0.996149049      0.2124121128
        0.0069375   0.0005151039918    -0.04785729071      0.9972350427      0.2142660392
          0.00695   0.0006110697172     -0.0511380797      0.9982596102      0.2161516435
        0.0069625   0.0007068183255    -0.05433870626      0.9992229199      0.2180788088
         0.006975   0.0008020587867    -0.05746170146       1.000123661      0.2200558518
        0.0069875   0.0008965144444    -0.06050847351       1.000959151      0.2220883985
            0.007   0.0009899206982    -0.06347910402       1.001725617      0.2241786512
        0.0070125    0.001082029406    -0.06637226469       1.002418628      0.2263251569
         0.007025     0.00117261711    -0.06918535707       1.003033597      0.2285231022
        0.0070375    0.001261455945    -0.07191484537       1.003566308      0.2307650881
          0.00705    0.001348348011    -0.07455669543       1.004013383      0.2330422605
        0.0070625    0.001433109225    -0.07710689071       1.004372636      0.2353456398
         0.007075    0.001515573316    -0.07956186492       1.004643257      0.2376674011
        0.0070875    0.001595592001    -0.08191910181       1.004825874      0.2400019844
           0.0071    0.001673046814    -0.08417717785       1.004922322      0.2423468293
        0.0071125    0.001747830066    -0.08633622093       1.004935381      0.2447026624
         0.007125    0.001819849971     -0.0883976589       1.004868329      0.2470732894
        0.0071375    0.001889039598    -0.09036416032       1.004724463       0.249464979
          0.00715    0.001955360242    -0.09223945918       1.004506627      0.2518854872
        0.0071625    0.002018758841    -0.09402719601       1.004216797       0.254342894
         0.007175    0.002079251884    -0.09573179567       1.003855798      0.2568444227
        0.0071875    0.002136822748     -0.0973567722       1.003423174      0.2593954058
           0.0072    0.002191456745    -0.09890458333       1.002917231      0.2619985395
        0.0072125    0.002243137434     -0.1003766983       1.002335233      0.2646535373
         0.007225    0.002291842537     -0.1017732973       1.001673741       0.267357197
        0.0072375    0.002337540879     -0.1030930151       1.000929023      0.2701038842
          0.00725    0.002380189101     -0.1043335877       1.000097515      0.2728863316
        0.0072625    0.002419730269      -0.105491952       0.999176237      0.2756966345
         0.007275    0.002456093007     -0.1065648249      0.9981631391      0.2785272943
        0.0072875    0.002489192022     -0.1075490737      0.9970573212      0.2813721631
           0.0073    0.002518929753     -0.1084422256      0.9958591064      0.2842271615
        0.0073125    0.002545199021     -0.1092428916      0.9945699603      0.2870906792
         0.007325    0.002567886043     -0.1099509905      0.9931922437      0.2899636219
        0.0073375    0.002586874621     -0.1105677973      0.9917289519      0.2928490833
          0.00735    0.002602049404     -0.1110959729       0.990183293      0.2957517519
        0.0073625    0.002613298574     -0.1115392234      0.9885582163      0.2986771282
         0.007375    0.002620517164     -0.1119020927      0.9868561163      0.3016306271
        0.0073875    0.002623608995     -0.1121893047      0.9850785482       0.304616777
           0.0074    0.002622487796     -0.1124053871      0.9832260664      0.3076385143
        0.0074125    0.002617077948     -0.1125543378      0.9812982192      0.3106967937
         0.007425    0.002607314422     -0.1126390999      0.9792936805      0.3137904441
        0.0074375    0.002593142479     -0.1126614566      0.9772104832      0.3169163355
          0.00745    0.002574517129     -0.1126219129      0.9750463293      0.3200698025
        0.0074625    0.002551402897      -0.112519872      0.9727989486      0.3232452535
         0.007475    0.002523773865     -0.1123539942      0.9704664399      0.3264368741
        0.0074875    0.002491614393     -0.1121222113      0.9680475764      0.3296393246
           0.0075    0.002454920423     -0.1118226809      0.9655419959      0.3328483434
        0.0075125    0.002413701562     -0.1114538589      0.9629502963      0.3360611769
         0.007525    0.002367983312      -0.111014933      0.9602740002      0.3392767925
        0.0075375    0.002317810063     -0.1105063183      0.9575153904      0.3424958581
          0.00755    0.002263247887     -0.1099297162       0.954677273      0.3457205059
        0.0075625     0.00220438746     -0.1092881033      0.9517626762      0.3489539238
         0.007575    0.002141346607     -0.1085854545      0.9487745429      0.3521998388
        0.0075875    0.002074272517     -0.1078268927      0.9457154427      0.3554619677
           0.0076    0.002003343047     -0.1070177872      0.9425873621      0.3587435082
        0.0076125    0.001928767356     -0.1061635916      0.9393915714      0.3620467321
         0.007625    0.001850785486     -0.1052693641      0.9361285969      0.3653727274
        0.0076375    0.001769667153     -0.1043394361      0.9327982905      0.3687213081
          0.00765    0.001685709438     -0.1033770753      0.9293999899      0.3720910919
        0.0076625    0.001599233794     -0.1023844037      0.9259327372      0.3754797223
         0.007675    0.001510582419     -0.1013624763      0.9223955274      0.3788841969
        0.0076875    0.001420113805     -0.1003112381      0.9187875501      0.3823012513
           0.0077    0.001328198186    -0.09923012174      0.9151083862      0.3857277502
        0.0077125    0.001235212523    -0.09811812727      0.9113581426      0.3891610332
         0.007725     0.00114153579    -0.09697438377      0.9075375054      0.3925991835
        0.0077375    0.001047544407    -0.09579845467      0.9036477091      0.3960411872
          0.00775    0.000953608091    -0.09459063644      0.8996904341      0.3994869727
        0.0077625   0.0008600864223    -0.09335226763      0.8956676476      0.4029373421
         0.007775   0.0007673261018    -0.09208565888      0.8915814178      0.4063938099
        0.0077875   0.0006756590469     -0.0907941078      0.8874337238      0.4098583698
           0.0078   0.0005854011968    -0.08948165716      0.8832262895      0.4133332268
        0.0078125   0.0004968520856    -0.08815292708      0.8789604603      0.4168205237
         0.007825   0.0004102948124    -0.08681255691      0.8746371379      0.4203220938
        0.0078375   0.0003259964811    -0.08546503558      0.8702567777      0.4238392622
          0.00785   0.0002442085976    -0.08411421094      0.8658194427      0.4273727116
        0.0078625    0.000165167407    -0.08276317925      0.8613249012      0.4309224228
         0.007875    8.90937667e-05    -0.08141392877      0.8567727522       0.434487687
        0.0078875   1.619260856e-05    -0.08006751196      0.8521625342      0.4380671876
           0.0079  -5.334831294e-05    -0.07872392319      0.8474938843      0.4416591351
        0.0079125  -0.0001193601716    -0.07738245912      0.8427666748      0.4452614424
         0.007925  -0.0001816953615    -0.07604186658      0.8379808098      0.4488719216
        0.0079375  -0.0002402300158    -0.07470073737      0.8331365158      0.4524884826
          0.00795  -0.0002948665559    -0.07335781924      0.8282342263      0.4561093175
        0.0079625  -0.0003455359011    -0.07201226099      0.8232745202      0.4597330547
         0.007975  -0.0003921990799    -0.07066386837      0.8182579239      0.4633588711
        0.0079875  -0.0004348478453    -0.06931322053      0.8131850241      0.4669865494
            0.008  -0.0004735041819    -0.06796168485      0.8080562273       0.470616481
        0.0080125  -0.0005082184977     -0.0666113136      0.8028721724      0.4742496079
         0.008025  -0.0005390663851    -0.06526471854      0.7976330435      0.4778873147
        0.0080375  -0.0005661446171     -0.0639247738      0.7923389719      0.4815312713
          0.00805  -0.0005895658914     -0.0625943876      0.7869900448      0.4851832507
        0.0080625   -0.000609453191    -0.06127619496       0.781586357      0.4888449248
         0.008075  -0.0006259342055    -0.05997234528      0.7761278981      0.4925176766
        0.0080875  -0.0006391357507    -0.05868432171      0.7706149341      0.4962024283
           0.0081   -0.000649179173    -0.05741287701      0.7650473993      0.4998995275
        0.0081125  -0.0006561770059    -0.05615794852      0.7594254009      0.5036086817
         0.008125  -0.0006602323664    -0.05491899052      0.7537488605      0.5073289876
        0.0081375  -0.0006614337357    -0.05369451868      0.7480180962       0.511058972
          0.00815  -0.0006598579969    -0.05248258438      0.7422335116      0.5147967724
        0.0081625  -0.0006555797958    -0.05128173055      0.7363946832      0.5185404013
         0.008175  -0.0006486644511    -0.05009035344      0.7305012387      0.5222879077
        0.0081875  -0.0006391702817    -0.04890711613      0.7245527942      0.5260376516
           0.0082  -0.0006271560605     -0.0477310532      0.7185489186      0.5297885284
        0.0082125  -0.0006126828823    -0.04656192484      0.7124889498      0.5335401388
         0.008225  -0.0005958143488    -0.04539988205      0.7063724781      0.5372928767
        0.0082375  -0.0005766180444    -0.04424563835      0.7001992308      0.5410479314
          0.00825  -0.0005551657896    -0.04310028934       0.693968783      0.5448071917
        0.0082625  -0.0005315315364    -0.04196527046      0.6876810657      0.5485730508
         0.008275   -0.000505800446    -0.04084370664        0.68133402      0.5523480431
        0.0082875  -0.0004780251198     -0.0397344962      0.6749311897       0.556134836
           0.0083   -0.000448254864    -0.03863639251      0.6684766602      0.5599358193
        0.0083125  -0.0004165782068    -0.03755362303      0.6619658747      0.5637522764
         0.008325  -0.0003830473879    -0.03648655567      0.6553990097      0.5675848191
        0.0083375  -0.0003476926021    -0.03543320307      0.6487789896      0.5714332661
          0.00835  -0.0003105469165    -0.03439199213      0.6421070791      0.5752963808
        0.0083625  -0.0002716432886    -0.03336160098      0.6353834374      0.5791720527
         0.008375  -0.0002310157343    -0.03234027255      0.6286079323      0.5830576191
        0.0083875  -0.0001887077644    -0.03132608416      0.6217805618      0.5869501309
           0.0084  -0.0001447757959    -0.03031748157      0.6149001736      0.5908466745
        0.0084125  -9.929183592e-05     -0.0293132748      0.6079655116      0.5947447649
         0.008425  -5.234496667e-05    -0.02831232098      0.6009756233      0.5986426915
        0.0084375  -4.042849398e-06    -0.02731359769      0.5939302445       0.602539722
          0.00845   4.548632743e-05    -0.02631640825      0.5868295306      0.6064361704
        0.0084625   9.609286561e-05    -0.02532053823      0.5796741628      0.6103333298
         0.008475   0.0001476062367     -0.0243263524      0.5724653191      0.6142332663
        0.0084875   0.0001998377151    -0.02333455934      0.5652040246      0.6181384976
           0.0085   0.0002525839907     -0.0223465172      0.5578918655      0.6220516009
        0.0085125   0.0003056316447    -0.02136350553      0.5505306217      0.6259748123
         0.008525   0.0003587606034    -0.02038675232      0.5431223874      0.6299096563
        0.0085375   0.0004117463683    -0.01941695166      0.5356694714      0.6338566496
          0.00855   0.0004643601951    -0.01845477921      0.5281741284       0.637815118
        0.0085625   0.0005163690146    -0.01750027445       0.520638269      0.6417831627
         0.008575   0.0005675347234    -0.01655333798      0.5130632234       0.645757791
        0.0085875   0.0006176141817    -0.01561355409      0.5054497469      0.6497351992
           0.0086   0.0006663594715    -0.01468014285      0.4977981699      0.6537111725
        0.0086125   0.0007135183288    -0.01375204542      0.4901085996      0.6576815432
         0.008625   0.0007588344024    -0.01282800652      0.4823811063       0.661642642
        0.0086375   0.0008020480027    -0.01190677106      0.4746158348      0.6655916767
          0.00865   0.0008428976905    -0.01098731743      0.4668130652      0.6695269915
        0.0086625   0.0008811231838    -0.01006905665      0.4589732731      0.6734481707
         0.008675   0.0009164696654    -0.00915195178      0.4510972175      0.6773559772
        0.0086875   0.0009486927581   -0.008236530977      0.4431860639      0.6812521304
           0.0087    0.000977563601   -0.007323840082      0.4352414586        0.68513895
        0.0087125    0.001002873449   -0.006415334909      0.4272655561       0.689018913
         0.008725    0.001024436967   -0.005512766258      0.4192609251      0.6928941804
        0.0087375    0.001042094359    -0.00461804562      0.4112303838       0.696766162
          0.00875    0.001055712288   -0.003733088514      0.4031768111      0.7006351822
        0.0087625    0.001065183668   -0.002859641664      0.3951029699      0.7045002964
         0.008775     0.00107042642   -0.001999098338      0.3870113961      0.7083592855
        0.0087875    0.001071381453   -0.001152350231      0.3789043283       0.712208829
           0.0088    0.001068010254  -0.0003196888718      0.3707837034      0.7160448311
        0.0088125    0.001060292246   0.0004991939561      0.3626511563      0.7198628534
         0.008825    0.001048222512     0.00130511418      0.3545080398      0.7236585919
        0.0088375    0.001031810335    0.002099229963      0.3463554694      0.7274283361
          0.00885    0.001011078846    0.002882832562      0.3381944003      0.7311693448
        0.0088625   0.0009860658666    0.003657127784      0.3300257391      0.7348800895
         0.008875   0.0009568257734    0.004423037021      0.3218504824      0.7385603308
        0.0088875   0.0009234319447    0.005181034858      0.3136698577      0.7422110176
           0.0089   0.0008859792683    0.005931035123      0.3054854326      0.7458340212
        0.0089125   0.0008444268287    0.006645182238      0.2972497068       0.749423744
         0.008925   0.0007998263186    0.007448458672      0.2892007782      0.7530181742
        0.0089375   0.0007498704306    0.008087666762      0.2808650924       0.756550014
          0.00895   0.0006980150082    0.008876438016       0.272848045      0.7601088104
        0.0089625   0.0006413108084    0.009490492694      0.2645367567      0.7636023165
         0.008975   0.0005830907212     0.01023100299      0.2565185782      0.7671186307
        0.0089875   0.0005206188174     0.01079638558      0.2482162265      0.7705655655
            0.009   0.0004572665024     0.01149334668      0.2402328859      0.7740339081
        0.0090125   0.0003900878923     0.01200705348      0.2319579634      0.7774223162
         0.009025   0.0003224283883      0.0126459549      0.2239996128      0.7808246095
        0.0090375   0.0002514152772     0.01310438765      0.2157570008      0.7841372753
          0.00905   0.0001804959368     0.01370279537      0.2078628628      0.7874623196
        0.0090625   0.0001067360711     0.01413378698      0.1997056139      0.7906928901
         0.009075   3.349474647e-05     0.01471436029      0.1919153302       0.793936678
        0.0090875  -4.224023057e-05     0.01513391434      0.1838659978      0.7970843847
           0.0091  -0.0001172253172      0.0156990242      0.1761781046      0.8002465361
        0.0091125  -0.0001944338527     0.01609962474      0.1682188617      0.8033121851
         0.009125  -0.0002706319011     0.01663612302      0.1606090575       0.806394991
        0.0091375  -0.0003486764239     0.01700273823      0.1527187284      0.8093815039
          0.00915  -0.0004252926157     0.01750087146      0.1451809638      0.8123896991
        0.0091625  -0.0005033204948     0.01782431021      0.1373614373      0.8153004825
         0.009175  -0.0005795290971     0.01827350365      0.1298991957      0.8182345857
        0.0091875  -0.0006567165544     0.01855959781      0.1221903368       0.821075305
           0.0092  -0.0007324143605     0.01887320313      0.1146536413      0.8238968142
        0.0092125  -0.0008071331494     0.01915051864      0.1071556821      0.8266720028
         0.009225  -0.0008811300144     0.01936353845     0.09964455133      0.8293849903
        0.0092375  -0.0009539261462     0.01954904224     0.09219987681      0.8320464899
          0.00925   -0.001025186747     0.01972953333      0.0848693818      0.8346623341
        0.0092625   -0.001095150171     0.01987452979     0.07758627487      0.8372163236
         0.009275   -0.001163663335     0.01999257119     0.07036575374       0.839709417
        0.0092875   -0.001230464708     0.02009843615     0.06323485321      0.8421459664
           0.0093   -0.001295317476     0.02020630153     0.05621934613       0.844532033
        0.0093125   -0.001358378476     0.02029151815     0.04926162455      0.8468570997
         0.009325   -0.001419687347     0.02033968797     0.04232703202      0.8491151507
        0.0093375   -0.001478946668     0.02036911435     0.03545452119       0.851315752
          0.00935   -0.001536008171     0.02038137154     0.02864863061      0.8534612756
        0.0093625   -0.001590871037     0.02036254286     0.02188189051      0.8555469482
         0.009375   -0.001643502891     0.02030066445      0.0151331271      0.8575677721
        0.0093875   -0.001693725366     0.02019906894    0.008416226364      0.8595249629
           0.0094   -0.001741355919     0.02006424831    0.001752761505      0.8614208326
        0.0094125   -0.001786307047     0.01989567826   -0.004851571529      0.8632539539
         0.009425   -0.001828534465     0.01968915237    -0.01140054876      0.8650204548
        0.0094375   -0.001867957139     0.01944367538    -0.01789287012      0.8667173071
          0.00945   -0.001904447106     0.01916271466    -0.02431910787      0.8683433277
        0.0094625   -0.001937863585     0.01885164406    -0.03066833985      0.8698984352
         0.009475   -0.001968080818     0.01851580753    -0.03693255343      0.8713830599
        0.0094875   -0.001994999987      0.0181598476    -0.04310686851      0.8727979979
           0.0095   -0.002018553198     0.01778711917    -0.04919100606      0.8741441529
        0.0095125   -0.002038699915     0.01739910261    -0.05518915042      0.8754222304
         0.009525   -0.002055415965     0.01699541081    -0.06110885389      0.8766325659
        0.0095375   -0.002068681565     0.01657425915    -0.06695986609       0.877775233
          0.00955   -0.002078474494      0.0161332289    -0.07275129604      0.8788502167
        0.0095625    -0.00208480774     0.01566974146    -0.07849016656      0.8798574655
         0.009575   -0.002087606109     0.01518114191     -0.0841813813      0.8807967999
        0.0095875   -0.002086863395     0.01466473068    -0.08982732535      0.8816677364
           0.0096   -0.002082568765     0.01411771664    -0.09542935522      0.8824693681
        0.0096125   -0.002074844578     0.01351525749     -0.1010344976      0.8831843628
         0.009625   -0.002063077689     0.01296682151     -0.1063944261      0.8838881254
        0.0096375   -0.002049048594     0.01223675033     -0.1120337508      0.8844208416
          0.00965   -0.002030131442     0.01163716701     -0.1172453411      0.8849916345
        0.0096625   -0.002009064624     0.01085160986     -0.1227366354      0.8853833744
         0.009675   -0.001983381749     0.01018698575     -0.1278232626      0.8858061978
        0.0096875   -0.001955592125    0.009345908308     -0.1331724767      0.8860512656
           0.0097   -0.001923232085    0.008642814372     -0.1380872652       0.886338493
        0.0097125   -0.001888970831    0.007766391161      -0.143269823      0.8864470162
         0.009725   -0.001850435018    0.007027910741     -0.1480323896      0.8865994342
        0.0097375    -0.00181017136    0.006123818406     -0.1530617851        0.88657577
          0.00975   -0.001765800787    0.005370277139     -0.1576555899      0.8866072988
        0.0097625   -0.001719892877    0.004462462686     -0.1625040852      0.8864693865
         0.009775   -0.001670179563    0.003707769711     -0.1669180535         0.8863931
        0.0097875   -0.001619218136    0.002798342451     -0.1715952622      0.8861470809
           0.0098   -0.001564805227    0.002030154543     -0.1758616051      0.8859599677
        0.0098125   -0.001509472664    0.001096093025     -0.1804132869      0.8855953982
         0.009825   -0.001451071191   0.0002904871533     -0.1845724844      0.8852846909
        0.0098375   -0.001392104539  -0.0006900620167      -0.189026567      0.8847887328
          0.00985    -0.00133041143   -0.001542379401     -0.1930779714      0.8843477843
        0.0098625   -0.001268556502   -0.002571775265     -0.1974187072      0.8837174155
         0.009875   -0.001204386853   -0.003468029124     -0.2013415738      0.8831456482
        0.0098875   -0.001140536135   -0.004542425209     -0.2055536917      0.8823802909
           0.0099   -0.001074940926   -0.005501004993     -0.2093911769      0.8816557024
        0.0099125   -0.001009633717    -0.00654103093     -0.2133056257      0.8808159294
         0.009925  -0.0009440188406   -0.007584953064     -0.2171336399      0.8799165256
        0.0099375  -0.0008781912894   -0.008620295471      -0.220849312       0.878967712
          0.00995  -0.0008124524364    -0.00965614753     -0.2244844546      0.8779606552
        0.0099625  -0.0007469407462    -0.01069105272     -0.2280462187      0.8768947877
         0.009975  -0.0006817106799    -0.01171689857     -0.2315231071       0.875776292
        0.0099875  -0.0006169022021    -0.01273327558     -0.2349193179      0.8746058953
             0.01  -0.0005526977634    -0.01374608491     -0.2382518221      0.8733788715
