1.25e-05 -6.2080985503e-07 8.4655974507e-17
2.5e-05 -1.0198829659e-06 5.4850801380e-16
3.75e-05 -1.4371266846e-06 6.7854127217e-16
5e-05 -1.8351469182e-06 6.4244512179e-15
6.25e-05 -2.2104516375e-06 -2.1839232736e-15
7.5e-05 -2.5632723793e-06 2.2283076598e-14
8.75e-05 -2.9009604452e-06 1.2950756994e-15
0.0001 -3.2352011364e-06 2.8207527055e-14
0.0001125 -3.5767915272e-06 3.2744549193e-14
0.000125 -3.9320014684e-06 3.5848214300e-14
0.0001375 -4.3021944893e-06 5.7478447792e-14
0.00015 -4.6855311083e-06 7.5047534205e-14
0.0001625 -5.0788481333e-06 8.8950644380e-14
0.000175 -5.4783238481e-06 1.1197485543e-13
0.0001875 -5.8791352573e-06 1.3796779340e-13
0.0002 -6.2752332426e-06 1.5947800876e-13
0.0002125 -6.6600628983e-06 1.8515613820e-13
0.000225 -7.0279457567e-06 2.1455222432e-13
0.0002375 -7.3757094240e-06 2.4113499181e-13
0.00025 -7.7031952302e-06 2.6213723857e-13
0.0002625 -8.0126598501e-06 2.7971534353e-13
0.000275 -8.3076471678e-06 2.9471125425e-13
0.0002875 -8.5918987806e-06 3.0523513495e-13
0.0003 -8.8689251309e-06 3.1044918738e-13
0.0003125 -9.1419691812e-06 3.1437878646e-13
0.000325 -9.4140690946e-06 3.2146583683e-13
0.0003375 -9.6880165360e-06 3.1223930107e-13
0.00035 -9.9659183949e-06 2.9720440834e-13
0.0003625 -1.0248503890e-05 2.9508995849e-13
0.000375 -1.0534929363e-05 3.0159237340e-13
0.0003875 -1.0822857385e-05 3.2242326610e-13
0.0004 -1.1108952690e-05 3.5279651129e-13
0.0004125 -1.1389609466e-05 3.9506968220e-13
0.000425 -1.1661489702e-05 4.8924658095e-13
0.0004375 -1.1922069994e-05 6.1382251007e-13
0.00045 -1.2170137539e-05 7.7002684566e-13
0.0004625 -1.2405826101e-05 9.3992174322e-13
0.000475 -1.2630208156e-05 1.1450358505e-12
0.0004875 -1.2845137064e-05 1.3717949641e-12
0.0005 -1.3052746192e-05 1.6370456450e-12
0.0005125 -1.3255301232e-05 1.9220698543e-12
0.000525 -1.3454888117e-05 2.2398472094e-12
0.0005375 -1.3653315348e-05 2.5819388550e-12
0.00055 -1.3851933906e-05 2.9649692794e-12
0.0005625 -1.4051579409e-05 3.3954902509e-12
0.000575 -1.4252685975e-05 3.9005762708e-12
0.0005875 -1.4455030494e-05 4.4900042829e-12
0.0006 -1.4657682036e-05 5.2236740039e-12
0.0006125 -1.4859252968e-05 6.0740492627e-12
0.000625 -1.5058363062e-05 7.1035353086e-12
0.0006375 -1.5253789888e-05 8.3359599928e-12
0.00065 -1.5444484620e-05 9.9076021979e-12
0.0006625 -1.5629734357e-05 1.1785643058e-11
0.000675 -1.5809314710e-05 1.4042310000e-11
0.0006875 -1.5983526064e-05 1.6649965130e-11
0.0007 -1.6152894369e-05 1.9666378794e-11
0.0007125 -1.6318003255e-05 2.3147133208e-11
0.000725 -1.6479537343e-05 2.7120846571e-11
0.0007375 -1.6638308031e-05 3.1607212520e-11
0.00075 -1.6795052035e-05 3.6696839016e-11
0.0007625 -1.6950551165e-05 4.2380093638e-11
0.000775 -1.7105461656e-05 4.8717659360e-11
0.0007875 -1.7260149382e-05 5.5840489576e-11
0.0008 -1.7414864744e-05 6.3783652818e-11
0.0008125 -1.7569757206e-05 7.2767913853e-11
0.000825 -1.7724770941e-05 8.2757379427e-11
0.0008375 -1.7879675259e-05 9.3981207003e-11
0.00085 -1.8034110179e-05 1.0653258925e-10
0.0008625 -1.8187711585e-05 1.2068263896e-10
0.000875 -1.8339930756e-05 1.3659231043e-10
0.0008875 -1.8490195523e-05 1.5438095899e-10
0.0009 -1.8637943319e-05 1.7428295760e-10
0.0009125 -1.8782699065e-05 1.9642215431e-10
0.000925 -1.8923896791e-05 2.2101884369e-10
0.0009375 -1.9061044461e-05 2.4822781748e-10
0.00095 -1.9193822770e-05 2.7821895265e-10
0.0009625 -1.9322249009e-05 3.1113727350e-10
0.000975 -1.9446744787e-05 3.4711209654e-10
0.0009875 -1.9567969475e-05 3.8630588696e-10
0.001 -1.9686842888e-05 4.2886144871e-10
0.0010125 -1.9804263524e-05 4.7495707623e-10
0.001025 -1.9921197798e-05 5.2473329622e-10
0.0010375 -2.0038500544e-05 5.7836792324e-10
0.00105 -2.0156729657e-05 6.3605944091e-10
0.0010625 -2.0275981430e-05 6.9810281982e-10
0.001075 -2.0395839135e-05 7.6486359145e-10
0.0010875 -2.0515523655e-05 8.3661241268e-10
0.0011 -2.0633665554e-05 9.1338720300e-10
0.0011125 -2.0748833746e-05 9.9549276722e-10
0.001125 -2.0859848882e-05 1.0834721726e-09
0.0011375 -2.0965562561e-05 1.1776898122e-09
0.00115 -2.1065035527e-05 1.2782901721e-09
0.0011625 -2.1157817044e-05 1.3853579993e-09
0.001175 -2.1243959363e-05 1.4989908209e-09
0.0011875 -2.1324076472e-05 1.6192770643e-09
0.0012 -2.1399273776e-05 1.7462593589e-09
0.0012125 -2.1470837175e-05 1.8798750440e-09
0.001225 -2.1540146482e-05 2.0200355443e-09
0.0012375 -2.1608378138e-05 2.1666586544e-09
0.00125 -2.1676352024e-05 2.3194871577e-09
0.0012625 -2.1744619328e-05 2.4781118348e-09
0.001275 -2.1813334296e-05 2.6423382950e-09
0.0012875 -2.1881891080e-05 2.8126935263e-09
0.0013 -2.1949330258e-05 2.9891884916e-09
0.0013125 -2.2014335469e-05 3.1714982247e-09
0.001325 -2.2075406162e-05 3.3596991697e-09
0.0013375 -2.2131142961e-05 3.5540725613e-09
0.00135 -2.2180636383e-05 3.7549855391e-09
0.0013625 -2.2223272621e-05 3.9624978680e-09
0.001375 -2.2258846568e-05 4.1764912887e-09
0.0013875 -2.2287475903e-05 4.3966652523e-09
0.0014 -2.2309876810e-05 4.6226517490e-09
0.0014125 -2.2327124675e-05 4.8539697517e-09
0.001425 -2.2340419606e-05 5.0899395516e-09
0.0014375 -2.2351008962e-05 5.3296974115e-09
0.00145 -2.2360089701e-05 5.5723133404e-09
0.0014625 -2.2368476468e-05 5.8168366858e-09
0.001475 -2.2376585352e-05 6.0619947747e-09
0.0014875 -2.2384694550e-05 6.3068625257e-09
0.0015 -2.2392638932e-05 6.5509272805e-09
0.0015125 -2.2399728555e-05 6.7937427724e-09
0.001525 -2.2404953894e-05 7.0349374947e-09
0.0015375 -2.2407200581e-05 7.2742201111e-09
0.00155 -2.2405282964e-05 7.5115435214e-09
0.0015625 -2.2398166760e-05 7.7470968668e-09
0.001575 -2.2385418918e-05 7.9810437169e-09
0.0015875 -2.2366868522e-05 8.2133993290e-09
0.0016 -2.2342602929e-05 8.4439686193e-09
0.0016125 -2.2313133083e-05 8.6722277202e-09
0.001625 -2.2279257516e-05 8.8973833666e-09
0.0016375 -2.2242128369e-05 9.1182347902e-09
0.00165 -2.2202964545e-05 9.3334107541e-09
0.0016625 -2.2162936360e-05 9.5412803842e-09
0.001675 -2.2123095722e-05 9.7398943518e-09
0.0016875 -2.2083989046e-05 9.9275532083e-09
0.0017 -2.2045910191e-05 1.0102380185e-08
0.0017125 -2.2009027551e-05 1.0264403606e-08
0.001725 -2.1972876793e-05 1.0411640054e-08
0.0017375 -2.1936567712e-05 1.0543129793e-08
0.00175 -2.1899088448e-05 1.0658535440e-08
0.0017625 -2.1859425531e-05 1.0759488289e-08
0.001775 -2.1816570382e-05 1.0847817152e-08
0.0017875 -2.1769799715e-05 1.0923910583e-08
0.0018 -2.1719080159e-05 1.0987859418e-08
0.0018125 -2.1664625107e-05 1.1040716441e-08
0.001825 -2.1606934029e-05 1.1083766285e-08
0.0018375 -2.1546716377e-05 1.1117860519e-08
0.00185 -2.1484972417e-05 1.1142643115e-08
0.0018625 -2.1422955131e-05 1.1156477029e-08
0.001875 -2.1361765951e-05 1.1157427149e-08
0.0018875 -2.1302376753e-05 1.1142886681e-08
0.0019 -2.1245207030e-05 1.1111124989e-08
0.0019125 -2.1190448753e-05 1.1060459366e-08
0.001925 -2.1138188919e-05 1.0988682654e-08
0.0019375 -2.1088152891e-05 1.0893987269e-08
0.00195 -2.1039646219e-05 1.0775678585e-08
0.0019625 -2.0991769211e-05 1.0634340062e-08
0.001975 -2.0943666854e-05 1.0470991950e-08
0.0019875 -2.0894598207e-05 1.0289383352e-08
0.002 -2.0843918954e-05 1.0093628473e-08
0.0020125 -2.0791434361e-05 9.8867397474e-09
0.002025 -2.0737350145e-05 9.6719691066e-09
0.0020375 -2.0682113797e-05 9.4529776125e-09
0.00205 -2.0626411058e-05 9.2328547150e-09
0.0020625 -2.0570918928e-05 9.0136871627e-09
0.002075 -2.0516415349e-05 8.7957002009e-09
0.0020875 -2.0463839112e-05 8.5770205420e-09
0.0021 -2.0413890440e-05 8.3548950140e-09
0.0021125 -2.0367018581e-05 8.1257254907e-09
0.002125 -2.0323433891e-05 7.8854506849e-09
0.0021375 -2.0283057463e-05 7.6304494622e-09
0.00215 -2.0245715367e-05 7.3578772231e-09
0.0021625 -2.0210981433e-05 7.0639703261e-09
0.002175 -2.0178242848e-05 6.7493124939e-09
0.0021875 -2.0146752557e-05 6.4165503792e-09
0.0022 -2.0115906249e-05 6.0699940984e-09
0.0022125 -2.0085005874e-05 5.7158542791e-09
0.002225 -2.0053583481e-05 5.3618261828e-09
0.0022375 -2.0021665859e-05 5.0161881695e-09
0.00225 -1.9989565512e-05 4.6871111909e-09
0.0022625 -1.9957710169e-05 4.3815839920e-09
0.002275 -1.9926678503e-05 4.1042828832e-09
0.0022875 -1.9897011919e-05 3.8571851202e-09
0.0023 -1.9869329801e-05 3.6390899538e-09
0.0023125 -1.9844374105e-05 3.4456023512e-09
0.002325 -1.9822630225e-05 3.2700334913e-09
0.0023375 -1.9804312905e-05 3.1038429085e-09
0.00235 -1.9789407941e-05 2.9377806522e-09
0.0023625 -1.9777669073e-05 2.7648011248e-09
0.002375 -1.9768605248e-05 2.5735365564e-09
0.0023875 -1.9762025887e-05 2.3655880168e-09
0.0024 -1.9757125044e-05 2.1410024869e-09
0.0024125 -1.9753165389e-05 1.9031897394e-09
0.002425 -1.9749596865e-05 1.6612341984e-09
0.0024375 -1.9745925108e-05 1.4284279792e-09
0.00245 -1.9741924849e-05 1.2205858869e-09
0.0024625 -1.9737769021e-05 1.0530756120e-09
0.002475 -1.9733848256e-05 9.3873527641e-10
0.0024875 -1.9730727136e-05 8.8691526931e-10
0.0025 -1.9728858192e-05 9.0268956140e-10
0.0025125 -1.9728701869e-05 9.8604739367e-10
0.002525 -1.9730770417e-05 1.1311703285e-09
0.0025375 -1.9735503933e-05 1.3264191960e-09
0.00255 -1.9743227135e-05 1.5555412397e-09
0.0025625 -1.9753866176e-05 1.7998613291e-09
0.002575 -1.9767100409e-05 2.0409637351e-09
0.0025875 -1.9782470064e-05 2.2647717682e-09
0.0026 -1.9799443581e-05 2.4560352555e-09
0.0026125 -1.9817824326e-05 2.6174454359e-09
0.002625 -1.9836867736e-05 2.7530242468e-09
0.0026375 -1.9855997363e-05 2.8734811378e-09
0.00265 -1.9874881307e-05 2.9986847599e-09
0.0026625 -1.9893249676e-05 3.1543953867e-09
0.002675 -1.9911071737e-05 3.3688728325e-09
0.0026875 -1.9928609983e-05 3.6682199471e-09
0.0027 -1.9946375955e-05 4.0729098517e-09
0.0027125 -1.9964625516e-05 4.5948559149e-09
0.002725 -1.9983850956e-05 5.2366782467e-09
0.0027375 -2.0004439233e-05 5.9905811018e-09
0.00275 -2.0026646281e-05 6.8387187566e-09
0.0027625 -2.0050743910e-05 7.7548075719e-09
0.002775 -2.0076591407e-05 8.7064052419e-09
0.0027875 -2.0104176997e-05 9.6604553401e-09
0.0028 -2.0133018475e-05 1.0586815726e-08
0.0028125 -2.0162954907e-05 1.1466192389e-08
0.002825 -2.0193251561e-05 1.2284506012e-08
0.0028375 -2.0223739123e-05 1.3051123791e-08
0.00285 -2.0253844983e-05 1.3784757406e-08
0.0028625 -2.0283239984e-05 1.4515548876e-08
0.002875 -2.0311775886e-05 1.5284704993e-08
0.0028875 -2.0339311840e-05 1.6139769438e-08
0.0029 -2.0365873352e-05 1.7128382187e-08
0.0029125 -2.0391872833e-05 1.8289288854e-08
0.002925 -2.0417488113e-05 1.9648986129e-08
0.0029375 -2.0443295922e-05 2.1217382697e-08
0.00295 -2.0469660941e-05 2.2986160023e-08
0.0029625 -2.0496772624e-05 2.4929719713e-08
0.002975 -2.0524753894e-05 2.7007581377e-08
0.0029875 -2.0553653745e-05 2.9168922856e-08
0.003 -2.0583519200e-05 3.1359524865e-08
0.0030125 -2.0167933723e-05 3.3526568044e-08
0.003025 -1.9804291194e-05 3.5633961285e-08
0.0030375 -1.9427687856e-05 3.7661617200e-08
0.00305 -1.9055702927e-05 3.9611499041e-08
0.0030625 -1.8698380489e-05 4.1510106762e-08
0.003075 -1.8361436820e-05 4.3406074207e-08
0.0030875 -1.8042540786e-05 4.5365696679e-08
0.0031 -1.7732060241e-05 4.7464801891e-08
0.0031125 -1.7418139427e-05 4.9779658533e-08
0.003125 -1.7092103574e-05 5.2377339193e-08
0.0031375 -1.6749883347e-05 5.5305262313e-08
0.00315 -1.6392553991e-05 5.8586807267e-08
0.0031625 -1.6023603153e-05 6.2214800948e-08
0.003175 -1.5646803816e-05 6.6152327564e-08
0.0031875 -1.5266338924e-05 7.0337144926e-08
0.0032 -1.4887193213e-05 7.4688718147e-08
0.0032125 -1.4515658004e-05 7.9119972535e-08
0.003225 -1.4157527880e-05 8.3547134424e-08
0.0032375 -1.3817029779e-05 8.7902278435e-08
0.00325 -1.3496625770e-05 9.2149838782e-08
0.0032625 -1.3194738011e-05 9.6286872736e-08
0.003275 -1.2907559796e-05 1.0034810593e-07
0.0032875 -1.2631049243e-05 1.0440268079e-07
0.0033 -1.2361756097e-05 1.0854807956e-07
0.0033125 -1.2096568055e-05 1.1289886583e-07
0.003325 -1.1832594905e-05 1.1757189510e-07
0.0033375 -1.1567335064e-05 1.2266793452e-07
0.00335 -1.1297598085e-05 1.2826358089e-07
0.0033625 -1.1021943581e-05 1.3439438882e-07
0.003375 -1.0740476075e-05 1.4105019011e-07
0.0033875 -1.0455284485e-05 1.4817590276e-07
0.0034 -1.0169167724e-05 1.5567555002e-07
0.0034125 -9.8856467519e-06 1.6342529605e-07
0.003425 -9.6081903238e-06 1.7128925835e-07
0.0034375 -9.3396435871e-06 1.7913732293e-07
0.00345 -9.0813399840e-06 1.8686035133e-07
0.0034625 -8.8346473093e-06 1.9439382984e-07
0.003475 -8.5988895170e-06 2.0172424197e-07
0.0034875 -8.3718860947e-06 2.0889859689e-07
0.0035 -8.1520771843e-06 2.1600732394e-07
0.0035125 -7.9366786749e-06 2.2318834903e-07
0.003525 -7.7236653863e-06 2.3060238643e-07
0.0035375 -7.5110930399e-06 2.3841544971e-07
0.00355 -7.2979405517e-06 2.4677143737e-07
0.0035625 -7.0830222338e-06 2.5577372630e-07
0.003575 -6.8654175992e-06 2.6547337687e-07
0.0035875 -6.6450975055e-06 2.7585121868e-07
0.0036 -6.4230106669e-06 2.8682374989e-07
0.0036125 -6.2005069991e-06 2.9824834763e-07
0.003625 -5.9791010611e-06 3.0994168349e-07
0.0036375 -5.7601218309e-06 3.2170284104e-07
0.00365 -5.5445298993e-06 3.3333956673e-07
0.0036625 -5.3329930334e-06 3.4469545497e-07
0.003675 -5.1258309882e-06 3.5567152964e-07
0.0036875 -4.9230480447e-06 3.6624260972e-07
0.0037 -4.7245329194e-06 3.7645977899e-07
0.0037125 -4.5297163499e-06 3.8645350857e-07
0.003725 -4.3377058442e-06 3.9640940288e-07
0.0037375 -4.1477139283e-06 4.0654613452e-07
0.00375 -3.9593504312e-06 4.1708496608e-07
0.0037625 -3.7722112250e-06 4.2822013838e-07
0.003775 -3.5856357486e-06 4.4009151306e-07
0.0037875 -3.3996556199e-06 4.5275632459e-07
0.0038 -3.2138756688e-06 4.6618544644e-07
0.0038125 -3.0280885310e-06 4.8025518627e-07
0.003825 -2.8420805549e-06 4.9476382825e-07
0.0038375 -2.6563966956e-06 5.0946302995e-07
0.00385 -2.4709492440e-06 5.2407636891e-07
0.0038625 -2.2862866280e-06 5.3834516917e-07
0.003875 -2.1025595533e-06 5.5205957748e-07
0.0038875 -1.9195931582e-06 5.6508906336e-07
0.0039 -1.7380981906e-06 5.7740443479e-07
0.0039125 -1.5587224262e-06 5.8908132244e-07
0.003925 -1.3824854504e-06 6.0029325512e-07
0.0039375 -1.2104038655e-06 6.1128715139e-07
0.00395 -1.0423670697e-06 6.2235056641e-07
0.0039625 -8.7866038197e-07 6.3377239435e-07
0.003975 -7.1963240077e-07 6.4580200155e-07
0.0039875 -5.6506819589e-07 6.5861241334e-07
0.004 -4.1455941946e-07 6.7227171417e-07
0.0040125 -2.6686810710e-07 6.8673062133e-07
0.004025 -1.2101358252e-07 7.0182439866e-07
0.0040375 2.3596880534e-08 7.1729023701e-07
0.00405 1.6843991121e-07 7.3280401619e-07
0.0040625 3.1383510187e-07 7.4802129993e-07
0.004075 4.5991848953e-07 7.6262260714e-07
0.0040875 6.0598790708e-07 7.7635455555e-07
0.0041 7.5112206880e-07 7.8906873094e-07
0.0041125 8.9441294099e-07 8.0074809522e-07
0.004125 1.0344251171e-06 8.1150305290e-07
0.0041375 1.1697103256e-06 8.2156882040e-07
0.00415 1.2986066444e-06 8.3126755313e-07
0.0041625 1.4202368139e-06 8.4095385654e-07
0.004175 1.5343399140e-06 8.5098230782e-07
0.0041875 1.6412218528e-06 8.6165559223e-07
0.0042 1.7414601625e-06 8.7317776560e-07
0.0042125 1.8360156906e-06 8.8561960146e-07
0.004225 1.9262709220e-06 8.9890629546e-07
0.0042375 2.0135857088e-06 9.1282622616e-07
0.00425 2.0991029919e-06 9.2705745120e-07
0.0042625 2.1833412992e-06 9.4120938568e-07
0.004275 2.2675413846e-06 9.5488084096e-07
0.0042875 2.3514726957e-06 9.6770749893e-07
0.0043 2.4344319050e-06 9.7941401845e-07
0.0043125 2.5153666019e-06 9.8985478450e-07
0.004325 2.5930119258e-06 9.9903673218e-07
0.0043375 2.6659829173e-06 1.0071189359e-06
0.00435 2.7329577455e-06 1.0143909144e-06
0.0043625 2.7929662474e-06 1.0212464258e-06
0.004375 2.8449249620e-06 1.0281166973e-06
0.0043875 2.8890472224e-06 1.0353907599e-06
0.0044 2.9254602466e-06 1.0434009537e-06
0.0044125 2.9550813627e-06 1.0523586410e-06
0.004425 2.9789387022e-06 1.0623248019e-06
0.0044375 2.9982566874e-06 1.0731942984e-06
0.00445 3.0145437614e-06 1.0847111979e-06
0.0044625 3.0286159587e-06 1.0965021070e-06
0.004475 3.0412945826e-06 1.1081278955e-06
0.0044875 3.0532152646e-06 1.1191463266e-06
0.0045 3.0649046966e-06 1.1291802131e-06
0.0045125 3.0757633642e-06 1.1379564476e-06
0.004525 3.0850202711e-06 1.1453473225e-06
0.0045375 3.0917253541e-06 1.1513927188e-06
0.00455 3.0947686604e-06 1.1562927912e-06
0.0045625 3.0931057920e-06 1.1603822103e-06
0.004575 3.0861470311e-06 1.1640959426e-06
0.0045875 3.0730313754e-06 1.1678908297e-06
0.0046 3.0531512592e-06 1.1721853061e-06
0.0046125 3.0270820225e-06 1.1772891630e-06
0.004625 2.9957483123e-06 1.1833938915e-06
0.0046375 2.9600237881e-06 1.1905322874e-06
0.00465 2.9210204264e-06 1.1985690811e-06
0.0046625 2.8796980588e-06 1.2072153009e-06
0.004675 2.8375357386e-06 1.2160748497e-06
0.0046875 2.7949108657e-06 1.2246857137e-06
0.0047 2.7530561100e-06 1.2326198768e-06
0.0047125 2.7117512618e-06 1.2394960006e-06
0.004725 2.6713672810e-06 1.2450833155e-06
0.0047375 2.6306847219e-06 1.2492752633e-06
0.00475 2.5892951261e-06 1.2521450926e-06
0.0047625 2.5461768210e-06 1.2539171509e-06
0.004775 2.5003284762e-06 1.2549348949e-06
0.0047875 2.4510089517e-06 1.2556167651e-06
0.0048 2.3979019954e-06 1.2564104337e-06
0.0048125 2.3406496073e-06 1.2577076365e-06
0.004825 2.2793448127e-06 1.2597857775e-06
0.0048375 2.2145693365e-06 1.2627907402e-06
0.00485 2.1476185945e-06 1.2667186329e-06
0.0048625 2.0793123292e-06 1.2714210208e-06
0.004875 2.0108108356e-06 1.2766121910e-06
0.0048875 1.9431184682e-06 1.2819165844e-06
0.0049 1.8768755663e-06 1.2869196341e-06
0.0049125 1.8125288174e-06 1.2912237026e-06
0.004925 1.7501383395e-06 1.2945104396e-06
0.0049375 1.6898826751e-06 1.2965852738e-06
0.00495 1.6313323836e-06 1.2973825663e-06
0.0049625 1.5738303824e-06 1.2969905707e-06
0.004975 1.5164631848e-06 1.2956044369e-06
0.0049875 1.4586344283e-06 1.2935552345e-06
0.005 1.3996329075e-06 1.2911965001e-06
0.0050125 1.3393081942e-06 1.2889129209e-06
0.005025 1.2774872849e-06 1.2870278383e-06
0.0050375 1.2142355614e-06 1.2857710052e-06
0.00505 1.1498494866e-06 1.2852647292e-06
0.0050625 1.0849321929e-06 1.2854902053e-06
0.005075 1.0205678253e-06 1.2863129402e-06
0.0050875 9.5745817617e-07 1.2875065751e-06
0.0051 8.9619252661e-07 1.2887721291e-06
0.0051125 8.3731369223e-07 1.2897831062e-06
0.005125 7.8126315863e-07 1.2902350271e-06
0.0051375 7.2837348084e-07 1.2898853335e-06
0.00515 6.7832469124e-07 1.2885869997e-06
0.0051625 6.3094592543e-07 1.2863044895e-06
0.005175 5.8586382028e-07 1.2830716441e-06
0.0051875 5.4240218575e-07 1.2790997621e-06
0.0052 4.9965592008e-07 1.2745807077e-06
0.0052125 4.5736117541e-07 1.2697945030e-06
0.005225 4.1510933189e-07 1.2650217117e-06
0.0052375 3.7253639914e-07 1.2605064180e-06
0.00525 3.2955353582e-07 1.2564282482e-06
0.0052625 2.8640126443e-07 1.2528870731e-06
0.005275 2.4345583003e-07 1.2499048573e-06
0.0052875 2.0122186310e-07 1.2474042839e-06
0.0053 1.6054936445e-07 1.2452511999e-06
0.0053125 1.2234623301e-07 1.2432734790e-06
0.005325 8.6471793126e-08 1.2412696248e-06
0.0053375 5.3572276640e-08 1.2390407917e-06
0.00535 2.3934338237e-08 1.2364267664e-06
0.0053625 -2.3831024438e-09 1.2333041478e-06
0.005375 -2.6263763452e-08 1.2296292732e-06
0.0053875 -4.7580691585e-08 1.2253976150e-06
0.0054 -6.7140330363e-08 1.2206727000e-06
0.0054125 -8.5531499214e-08 1.2155776941e-06
0.005425 -1.0319236025e-07 1.2102717682e-06
0.0054375 -1.2079841245e-07 1.2048785338e-06
0.00545 -1.3842599147e-07 1.1995624433e-06
0.0054625 -1.5599520542e-07 1.1944772174e-06
0.005475 -1.7339601766e-07 1.1897331061e-06
0.0054875 -1.9033880461e-07 1.1854031973e-06
0.0055 -2.0613793959e-07 1.1815038693e-06
0.0055125 -2.2047551039e-07 1.1780186907e-06
0.005525 -2.3282250526e-07 1.1748935010e-06
0.0055375 -2.4233395510e-07 1.1720733672e-06
0.00555 -2.4912652977e-07 1.1694549697e-06
0.0055625 -2.5322694146e-07 1.1669179544e-06
0.005575 -2.5472041773e-07 1.1643471094e-06
0.0055875 -2.5379666842e-07 1.1616426030e-06
0.0056 -2.5114916108e-07 1.1587236029e-06
0.0056125 -2.4692211348e-07 1.1555371330e-06
0.005625 -2.4197124345e-07 1.1520457078e-06
0.0056375 -2.3672199884e-07 1.1482664553e-06
0.00565 -2.3132221300e-07 1.1442558892e-06
0.0056625 -2.2592472687e-07 1.1400950724e-06
0.005675 -2.2063271877e-07 1.1358929442e-06
0.0056875 -2.1514121974e-07 1.1318009133e-06
0.0057 -2.0924642137e-07 1.1279269592e-06
0.0057125 -2.0276691340e-07 1.1244099014e-06
0.005725 -1.9523262304e-07 1.1213622181e-06
0.0057375 -1.8619692567e-07 1.1188545300e-06
0.00575 -1.7539188722e-07 1.1169056044e-06
0.0057625 -1.6271503540e-07 1.1154795469e-06
0.005775 -1.4831588737e-07 1.1144849827e-06
0.0057875 -1.3184641562e-07 1.1138093555e-06
0.0058 -1.1400340624e-07 1.1132735542e-06
0.0058125 -9.4952258200e-08 1.1127049118e-06
0.005825 -7.5205937839e-08 1.1119292663e-06
0.0058375 -5.4770633198e-08 1.1108104170e-06
0.00585 -3.4243352137e-08 1.1092470441e-06
0.0058625 -1.4122495437e-08 1.1072127748e-06
0.005875 5.7534832208e-09 1.1047428014e-06
0.0058875 2.5387261835e-08 1.1019462881e-06
0.0059 4.4695277604e-08 1.0989784859e-06
0.0059125 6.3894489641e-08 1.0960400122e-06
0.005925 8.3315073093e-08 1.0933445486e-06
0.0059375 1.0332016203e-07 1.0910903115e-06
0.00595 1.2425379504e-07 1.0894316537e-06
0.0059625 1.4642377063e-07 1.0884538841e-06
0.005975 1.7000625253e-07 1.0881980357e-06
0.0059875 1.9479512600e-07 1.0885465088e-06
0.006 2.2077999055e-07 1.0893654364e-06
0.0060125 2.4835600524e-07 1.0904752574e-06
0.006025 2.7669479751e-07 1.0916272584e-06
0.0060375 3.0527937945e-07 1.0925729003e-06
0.00605 3.3411387994e-07 1.0931018345e-06
0.0060625 3.6270660657e-07 1.0930621589e-06
0.006075 3.9083610079e-07 1.0923605109e-06
0.0060875 4.1823333919e-07 1.0910329859e-06
0.0061 4.4491517940e-07 1.0891894001e-06
0.0061125 4.7102082377e-07 1.0870037062e-06
0.006125 4.9682056402e-07 1.0846950899e-06
0.0061375 5.2239695584e-07 1.0825112111e-06
0.00615 5.4807182243e-07 1.0807007759e-06
0.0061625 5.7416775875e-07 1.0794708713e-06
0.006175 6.0095448958e-07 1.0789489603e-06
0.0061875 6.2853436770e-07 1.0792026063e-06
0.0062 6.5693403055e-07 1.0801481055e-06
0.0062125 6.8593939960e-07 1.0816357435e-06
0.006225 7.1510111169e-07 1.0834632840e-06
0.0062375 7.4493936670e-07 1.0854185159e-06
0.00625 7.7453769050e-07 1.0872429162e-06
0.0062625 8.0345054381e-07 1.0887039703e-06
0.006275 8.3180381974e-07 1.0896165335e-06
0.0062875 8.5922699274e-07 1.0898677147e-06
0.0063 8.8571363160e-07 1.0894566858e-06
0.0063125 9.1089809220e-07 1.0884791068e-06
0.006325 9.3497276028e-07 1.0871088487e-06
0.0063375 9.5836853905e-07 1.0855542262e-06
0.00635 9.8140289211e-07 1.0840287089e-06
0.0063625 1.0040269096e-06 1.0827719123e-06
0.006375 1.0264543033e-06 1.0819945085e-06
0.0063875 1.0489654238e-06 1.0818475228e-06
0.0064 1.0717498011e-06 1.0823982946e-06
0.0064125 1.0948679548e-06 1.0836229967e-06
0.006425 1.1181005975e-06 1.0854409997e-06
0.0064375 1.1412926671e-06 1.0876504599e-06
0.00645 1.1641383138e-06 1.0900743745e-06
0.0064625 1.1868546360e-06 1.0925082094e-06
0.006475 1.2088456530e-06 1.0947494431e-06
0.0064875 1.2298757130e-06 1.0966179642e-06
0.0065 1.2495428812e-06 1.0979904319e-06
0.0065125 1.2679338828e-06 1.0988315859e-06
0.006525 1.2854043862e-06 1.0991521820e-06
0.0065375 1.3014547235e-06 1.0990568237e-06
0.00655 1.3162823394e-06 1.0986902241e-06
0.0065625 1.3301293637e-06 1.0982260359e-06
0.006575 1.3434750591e-06 1.0978311316e-06
0.0065875 1.3563715310e-06 1.0976917912e-06
0.0066 1.3689209925e-06 1.0979529482e-06
0.0066125 1.3812621548e-06 1.0987104430e-06
0.006625 1.3935128319e-06 1.1000032574e-06
0.0066375 1.4055574393e-06 1.1018300703e-06
0.00665 1.4172914708e-06 1.1040939856e-06
0.0066625 1.4284936344e-06 1.1066803503e-06
0.006675 1.4386915337e-06 1.1094736495e-06
0.0066875 1.4481039401e-06 1.1123144387e-06
0.0067 1.4561103702e-06 1.1150532535e-06
0.0067125 1.4626114954e-06 1.1175524839e-06
0.006725 1.4675515686e-06 1.1197088106e-06
0.0067375 1.4709826512e-06 1.1214640407e-06
0.00675 1.4728932227e-06 1.1228043095e-06
0.0067625 1.4731909318e-06 1.1237797383e-06
0.006775 1.4723966163e-06 1.1244585658e-06
0.0067875 1.4706332092e-06 1.1249500889e-06
0.0068 1.4681527479e-06 1.1253870411e-06
0.0068125 1.4652852508e-06 1.1259002462e-06
0.006825 1.4619885909e-06 1.1266402954e-06
0.0068375 1.4582972550e-06 1.1277326382e-06
0.00685 1.4542655602e-06 1.1292683898e-06
0.0068625 1.4497818246e-06 1.1313024379e-06
0.006875 1.4447389525e-06 1.1338289622e-06
0.0068875 1.4389175221e-06 1.1368175764e-06
0.0069 1.4319982774e-06 1.1401934164e-06
0.0069125 1.4239171662e-06 1.1438314431e-06
0.006925 1.4144942417e-06 1.1475876022e-06
0.0069375 1.4036740268e-06 1.1513041079e-06
0.00695 1.3914822347e-06 1.1548264636e-06
0.0069625 1.3780969367e-06 1.1580197127e-06
0.006975 1.3636265687e-06 1.1607862531e-06
0.0069875 1.3479719582e-06 1.1631114605e-06
0.007 1.3317484154e-06 1.1650055431e-06
0.0070125 1.3150104651e-06 1.1665648187e-06
0.007025 1.2979730147e-06 1.1679351883e-06
0.0070375 1.2808210404e-06 1.1693026592e-06
0.00705 1.2636070853e-06 1.1708796291e-06
0.0070625 1.2462834788e-06 1.1728816089e-06
0.007075 1.2287603543e-06 1.1755005879e-06
0.0070875 1.2109324371e-06 1.1788770910e-06
0.0071 1.1926627186e-06 1.1830812241e-06
0.0071125 1.1736834822e-06 1.1881034237e-06
0.007125 1.1535546884e-06 1.1938672811e-06
0.0071375 1.1329387199e-06 1.2001764534e-06
0.00715 1.1112753756e-06 1.2068211013e-06
0.0071625 1.0885201162e-06 1.2135549021e-06
0.007175 1.0647553469e-06 1.2201310433e-06
0.0071875 1.0402498736e-06 1.2263312654e-06
0.0072 1.0150018252e-06 1.2320129565e-06
0.0072125 9.8947724038e-07 1.2371053860e-06
0.007225 9.6368750459e-07 1.2416597938e-06
0.0072375 9.3799724252e-07 1.2458228368e-06
0.00725 9.1239410955e-07 1.2498328654e-06
0.0072625 8.8704507216e-07 1.2539783029e-06
0.007275 8.6206311124e-07 1.2585752635e-06
0.0072875 8.3740602958e-07 1.2639323939e-06
0.0073 8.1293039269e-07 1.2703061915e-06
0.0073125 7.8847808543e-07 1.2778620195e-06
0.007325 7.6391401658e-07 1.2866503878e-06
0.0073375 7.3903081113e-07 1.2966016565e-06
0.00735 7.1341865196e-07 1.3075309328e-06
0.0073625 6.8792685315e-07 1.3191432700e-06
0.007375 6.6207803757e-07 1.3311025639e-06
0.0073875 6.3588969018e-07 1.3430534310e-06
0.0074 6.0958878412e-07 1.3546681634e-06
0.0074125 5.8343851575e-07 1.3656985420e-06
0.007425 5.5749923760e-07 1.3760179787e-06
0.0074375 5.3191172567e-07 1.3856362612e-06
0.00745 5.0737625972e-07 1.3946765973e-06
0.0074625 4.8365047698e-07 1.4034104554e-06
0.007475 4.6073617882e-07 1.4121935376e-06
0.0074875 4.3878243433e-07 1.4214220412e-06
0.0075 4.1785073204e-07 1.4314854666e-06
0.0075125 3.9782190236e-07 1.4427171110e-06
0.007525 3.7848831660e-07 1.4553476908e-06
0.0075375 3.5967848228e-07 1.4694712149e-06
0.00755 3.4123034144e-07 1.4850323110e-06
0.0075625 3.2298311515e-07 1.5018200223e-06
0.007575 3.0508853663e-07 1.5195142929e-06
0.0075875 2.8770478696e-07 1.5377138435e-06
0.0076 2.7053861632e-07 1.5559910483e-06
0.0076125 2.5389359522e-07 1.5739393272e-06
0.007625 2.3767121940e-07 1.5912579174e-06
0.0076375 2.2242479996e-07 1.6077573682e-06
0.00765 2.0811983725e-07 1.6234167691e-06
0.0076625 1.9459878485e-07 1.6383927347e-06
0.007675 1.8245417067e-07 1.6529435566e-06
0.0076875 1.7180180311e-07 1.6674338363e-06
0.0077 1.6228062126e-07 1.6823231443e-06
0.0077125 1.5387387427e-07 1.6980571591e-06
0.007725 1.4669220152e-07 1.7150069846e-06
0.0077375 1.4070019057e-07 1.7334293774e-06
0.00775 1.3565149875e-07 1.7534423775e-06
0.0077625 1.3120301684e-07 1.7749940450e-06
0.007775 1.2745697964e-07 1.7979025875e-06
0.0077875 1.2440501498e-07 1.8218444578e-06
0.0078 1.2194004526e-07 1.8464036798e-06
0.0078125 1.2031442342e-07 1.8711283269e-06
0.007825 1.1932196165e-07 1.8956072813e-06
0.0078375 1.1935942724e-07 1.9195088027e-06
0.00785 1.2031751354e-07 1.9426590908e-06
0.0078625 1.2270058770e-07 1.9650081111e-06
0.007875 1.2641947326e-07 1.9866786183e-06
0.0078875 1.3126014628e-07 2.0079618176e-06
0.0079 1.3771457233e-07 2.0292055741e-06
0.0079125 1.4578535397e-07 2.0508338978e-06
0.007925 1.5545087790e-07 2.0732774903e-06
0.0079375 1.6632021503e-07 2.0969259921e-06
0.00795 1.7832879105e-07 2.1220474408e-06
0.0079625 1.9151697344e-07 2.1487608691e-06
0.007975 2.0578471800e-07 2.1770358087e-06
0.0079875 2.2081089278e-07 2.2066837185e-06
0.008 2.3663306468e-07 2.2374535018e-06
0.0080125 2.5319055691e-07 2.2689872491e-06
0.008025 2.7044324499e-07 2.3008818559e-06
0.0080375 2.8832433199e-07 2.3327607259e-06
0.00805 3.0717891904e-07 2.3643144030e-06
0.0080625 3.2680721642e-07 2.3953718537e-06
0.008075 3.4762781971e-07 2.4258835448e-06
0.0080875 3.6932308044e-07 2.4559618079e-06
0.0081 3.9238148673e-07 2.4857912878e-06
0.0081125 4.1649335784e-07 2.5156938528e-06
0.008125 4.4182297487e-07 2.5460101676e-06
0.0081375 4.6825496483e-07 2.5770992130e-06
0.00815 4.9574898345e-07 2.6092917472e-06
0.0081625 5.2391810072e-07 2.6428170227e-06
0.008175 5.5266733950e-07 2.6777978024e-06
0.0081875 5.8198826278e-07 2.7142426781e-06
0.0082 6.1175592944e-07 2.7520453504e-06
0.0082125 6.4168323385e-07 2.7909800844e-06
0.008225 6.7184542164e-07 2.8308212088e-06
0.0082375 7.0220584310e-07 2.8712689412e-06
0.00825 7.3275732645e-07 2.9120185019e-06
0.0082625 7.6329647262e-07 2.9528258031e-06
0.008275 7.9458692523e-07 2.9934940148e-06
0.0082875 8.2631303794e-07 3.0339707951e-06
0.0083 8.5815661082e-07 3.0742979236e-06
0.0083125 8.9049935058e-07 3.1145765996e-06
0.008325 9.2390815480e-07 3.1549784802e-06
0.0083375 9.5773392312e-07 3.1957351774e-06
0.00835 9.9192307287e-07 3.2370938881e-06
0.0083625 1.0265295298e-06 3.2792965591e-06
0.008375 1.0612456052e-06 3.3225256007e-06
0.0083875 1.0960051101e-06 3.3669053791e-06
0.0084 1.1307645018e-06 3.4124945381e-06
0.0084125 1.1653911876e-06 3.4592803786e-06
0.008425 1.1997056060e-06 3.5071792952e-06
0.0084375 1.2335861845e-06 3.5560512567e-06
0.00845 1.2670188946e-06 3.6057212831e-06
0.0084625 1.2999978559e-06 3.6559965754e-06
0.008475 1.3324940754e-06 3.7066923273e-06
0.0084875 1.3645761626e-06 3.7576674384e-06
0.0085 1.3966987133e-06 3.8087665480e-06
0.0085125 1.4284187163e-06 3.8599370982e-06
0.008525 1.4599452808e-06 3.9111510403e-06
0.0085375 1.4911933977e-06 3.9624487310e-06
0.00855 1.5225256119e-06 4.0139232316e-06
0.0085625 1.5534071698e-06 4.0657090924e-06
0.008575 1.5838990596e-06 4.1179522012e-06
0.0085875 1.6139979740e-06 4.1708051255e-06
0.0086 1.6433363506e-06 4.2244089990e-06
0.0086125 1.6717775497e-06 4.2788935023e-06
0.008625 1.6992623195e-06 4.3343580472e-06
0.0086375 1.7257024111e-06 4.3908567689e-06
0.00865 1.7509857454e-06 4.4483916000e-06
0.0086625 1.7750490077e-06 4.5069139566e-06
0.008675 1.7979108075e-06 4.5663297163e-06
0.0086875 1.8195848984e-06 4.6265019117e-06
0.0087 1.8401321864e-06 4.6872722737e-06
0.0087125 1.8596193954e-06 4.7484890731e-06
0.008725 1.8786215911e-06 4.8099486582e-06
0.0087375 1.8966040297e-06 4.8715301256e-06
0.00875 1.9135062036e-06 4.9331421548e-06
0.0087625 1.9297753479e-06 4.9947275954e-06
0.008775 1.9452356760e-06 5.0563078857e-06
0.0087875 1.9599100868e-06 5.1179780818e-06
0.0088 1.9736607423e-06 5.1798727264e-06
0.0088125 1.9859806012e-06 5.2422021209e-06
0.008825 1.9970848577e-06 5.3051538967e-06
0.0088375 2.0068742516e-06 5.3689221833e-06
0.00885 2.0153063378e-06 5.4336864041e-06
0.0088625 2.0223172598e-06 5.4995819521e-06
0.008875 2.0278693242e-06 5.5666739840e-06
0.0088875 2.0319931363e-06 5.6349440671e-06
0.0089 2.0347216439e-06 5.7042883266e-06
0.0089125 2.0361713789e-06 5.7745319759e-06
0.008925 2.0365123473e-06 5.8454781866e-06
0.0089375 2.0355821206e-06 5.9168966730e-06
0.00895 2.0338842132e-06 5.9884996191e-06
0.0089625 2.0310550179e-06 6.0601117693e-06
0.008975 2.0272592367e-06 6.1315880475e-06
0.0089875 2.0224875287e-06 6.2028804463e-06
0.009 2.0164901830e-06 6.2740421012e-06
0.0090125 2.0095667722e-06 6.3451984547e-06
0.009025 2.0013752922e-06 6.4165522900e-06
0.0090375 1.9919234820e-06 6.4883839816e-06
0.00905 1.9808706190e-06 6.5609825266e-06
0.0090625 1.9683915424e-06 6.6346082143e-06
0.009075 1.9544200887e-06 6.7094548584e-06
0.0090875 1.9389697505e-06 6.7856526512e-06
0.0091 1.9220655611e-06 6.8632430167e-06
0.0091125 1.9037697064e-06 6.9421589567e-06
0.009125 1.8841309368e-06 7.0222259468e-06
0.0091375 1.8632875420e-06 7.1031834822e-06
0.00915 1.8414186233e-06 7.1847544585e-06
0.0091625 1.8183271317e-06 7.2666633229e-06
0.009175 1.7945185335e-06 7.3485741419e-06
0.0091875 1.7697405271e-06 7.4303258061e-06
0.0092 1.7438971532e-06 7.5118240469e-06
0.0092125 1.7169341667e-06 7.5931053459e-06
0.009225 1.6893822080e-06 7.6742437583e-06
0.0092375 1.6605637560e-06 7.7554956273e-06
0.00925 1.6306861661e-06 7.8371182980e-06
0.0092625 1.5998654029e-06 7.9194492773e-06
0.009275 1.5677165754e-06 8.0028099466e-06
0.0092875 1.5344742665e-06 8.0874433233e-06
0.0093 1.5001157864e-06 8.1734923263e-06
0.0093125 1.4647520555e-06 8.2610092615e-06
0.009325 1.4284916092e-06 8.3499474819e-06
0.0093375 1.3914411416e-06 8.4401522585e-06
0.00935 1.3537232735e-06 8.5313723591e-06
0.0093625 1.3154002508e-06 8.6232989353e-06
0.009375 1.2765685414e-06 8.7156193268e-06
0.0093875 1.2372347269e-06 8.8080721430e-06
0.0094 1.1978067459e-06 8.9003479017e-06
0.0094125 1.1578740619e-06 8.9923890610e-06
0.009425 1.1174869419e-06 9.0841939524e-06
0.0094375 1.0770991535e-06 9.1758108564e-06
0.00945 1.0362288201e-06 9.2674829049e-06
0.0094625 9.9453490116e-07 9.3595067464e-06
0.009475 9.5241708482e-07 9.4521487082e-06
0.0094875 9.1024225004e-07 9.5457154999e-06
0.0095 8.6746525924e-07 9.6404968527e-06
0.0095125 8.2423620329e-07 9.7366640545e-06
0.009525 7.8048262363e-07 9.8342814962e-06
0.0095375 7.3642752889e-07 9.9333058299e-06
0.00955 6.9227965584e-07 1.0033600099e-05
0.0095625 6.4813870879e-07 1.0134944652e-05
0.009575 6.0405669358e-07 1.0237059078e-05
0.0095875 5.6004379245e-07 1.0339642883e-05
0.0096 5.1614082495e-07 1.0442429929e-05
0.0096125 4.7257385106e-07 1.0545174428e-05
0.009625 4.2908211075e-07 1.0647790344e-05
0.0096375 3.8613131906e-07 1.0750133035e-05
0.00965 3.4337880070e-07 1.0852356603e-05
0.0096625 3.0086301954e-07 1.0954627788e-05
0.009675 2.5822830338e-07 1.1057222072e-05
0.0096875 2.1582693000e-07 1.1160355056e-05
0.0097 1.7384959918e-07 1.1264291494e-05
0.0097125 1.3242028890e-07 1.1369280341e-05
0.009725 9.1000016674e-08 1.1475544217e-05
0.0097375 4.9962059110e-08 1.1583159930e-05
0.00975 9.2875957067e-09 1.1692101318e-05
0.0097625 -3.0807006987e-08 1.1802250225e-05
0.009775 -7.0142182390e-08 1.1913426750e-05
0.0097875 -1.0864641168e-07 1.2025404384e-05
0.0098 -1.4628836405e-07 1.2137927138e-05
0.0098125 -1.8306125946e-07 1.2250745131e-05
0.009825 -2.1896697204e-07 1.2363661005e-05
0.0098375 -2.5375297232e-07 1.2476503627e-05
0.00985 -2.8746073752e-07 1.2589220446e-05
0.0098625 -3.2022929068e-07 1.2701872626e-05
0.009875 -3.5185697312e-07 1.2814543606e-05
0.0098875 -3.8259943913e-07 1.2927454424e-05
0.0099 -4.1243826206e-07 1.3040828132e-05
0.0099125 -4.4128820599e-07 1.3154883218e-05
0.009925 -4.6906044159e-07 1.3269816916e-05
0.0099375 -4.9605538287e-07 1.3385805772e-05
0.00995 -5.2195363151e-07 1.3502933715e-05
0.0099625 -5.4677368744e-07 1.3621222087e-05
0.009975 -5.7046781463e-07 1.3740604410e-05
0.0099875 -5.9289320169e-07 1.3860948954e-05
0.01 -6.1417983954e-07 1.3982057580e-05
