6.25e-06 -4.8260060883e-07 3.0838276520e-17
1.25e-05 -8.5528782956e-07 8.1352079678e-17
1.875e-05 -1.2068965745e-06 1.5964886837e-16
2.5e-05 -1.5233333138e-06 2.7450237599e-16
3.125e-05 -1.8097170897e-06 4.4997116335e-16
3.75e-05 -2.0724033465e-06 7.1716575569e-16
4.375e-05 -2.3146715676e-06 1.0315682071e-15
5e-05 -2.5378650357e-06 1.4539989405e-15
5.625e-05 -2.7436391755e-06 2.0321888015e-15
6.25e-05 -2.9342188623e-06 2.8054780935e-15
6.875e-05 -3.1115898472e-06 3.8339459780e-15
7.5e-05 -3.2773057035e-06 5.2211092103e-15
8.125e-05 -3.4330286597e-06 7.1144705282e-15
8.75e-05 -3.5810395966e-06 9.6786138665e-15
9.375e-05 -3.7243632528e-06 1.3059361780e-14
0.0001 -3.8666888702e-06 1.7667411126e-14
0.00010625 -4.0122360099e-06 1.9149207106e-14
0.0001125 -4.1654918243e-06 1.9110493388e-14
0.00011875 -4.3306044783e-06 1.9716942960e-14
0.000125 -4.5104926319e-06 2.1642771331e-14
0.00013125 -4.7061523016e-06 2.3071132350e-14
0.0001375 -4.9162160759e-06 2.3966886849e-14
0.00014375 -5.1371275013e-06 2.5881643709e-14
0.00015 -5.3639005631e-06 2.4473875596e-14
0.00015625 -5.5914067553e-06 2.7188359901e-14
0.0001625 -5.8153833695e-06 3.6223453312e-14
0.00016875 -6.0333045210e-06 4.4992951471e-14
0.000175 -6.2445210167e-06 4.9642485844e-14
0.00018125 -6.4497607735e-06 4.2250345529e-14
0.0001875 -6.6501963935e-06 3.2392219439e-14
0.00019375 -6.8467644804e-06 3.2556319195e-14
0.0002 -7.0397161331e-06 3.5069226651e-14
0.00020625 -7.2286653051e-06 3.3298143590e-14
0.0002125 -7.4129967353e-06 2.8764280048e-14
0.00021875 -7.5923292610e-06 3.1123482522e-14
0.000225 -7.7667952192e-06 3.4500641413e-14
0.00023125 -7.9370418212e-06 3.5286941609e-14
0.0002375 -8.1040156209e-06 3.8899123567e-14
0.00024375 -8.2687045798e-06 5.3114517989e-14
0.00025 -8.4319653361e-06 8.3148550203e-14
0.00025625 -8.5944757787e-06 1.2206308505e-13
0.0002625 -8.7567855622e-06 1.6378850814e-13
0.00026875 -8.9193750272e-06 2.0211752824e-13
0.000275 -9.0826472468e-06 2.4525834925e-13
0.00028125 -9.2468343652e-06 3.0242956890e-13
0.0002875 -9.4118634833e-06 3.7372084992e-13
0.00029375 -9.5772521859e-06 4.3602575508e-13
0.0003 -9.7420885967e-06 5.0114271705e-13
0.00030625 -9.9051219943e-06 5.8372644485e-13
0.0003125 -1.0064944751e-05 6.8546963983e-13
0.00031875 -1.0220215002e-05 7.9080859676e-13
0.000325 -1.0369857007e-05 8.7795258222e-13
0.00033125 -1.0513190126e-05 9.5519866008e-13
0.0003375 -1.0649945413e-05 9.9681215443e-13
0.00034375 -1.0780231530e-05 9.8315171198e-13
0.00035 -1.0904375394e-05 9.1896519112e-13
0.00035625 -1.1022802516e-05 7.5863242228e-13
0.0003625 -1.1135938347e-05 6.6773830538e-13
0.00036875 -1.1244112980e-05 4.7825564791e-13
0.000375 -1.1347597756e-05 2.3446308057e-13
0.00038125 -1.1446625961e-05 -2.0130529745e-14
0.0003875 -1.1541448091e-05 -2.9241643795e-13
0.00039375 -1.1632386291e-05 -5.8413538651e-13
0.0004 -1.1719875424e-05 -9.5938149900e-13
0.00040625 -1.1804476230e-05 -1.1816372821e-12
0.0004125 -1.1886888994e-05 -1.4300778092e-12
0.00041875 -1.1967930612e-05 -1.6326871950e-12
0.000425 -1.2048509696e-05 -1.8287321978e-12
0.00043125 -1.2129547048e-05 -2.0421761721e-12
0.0004375 -1.2211908652e-05 -2.2235144213e-12
0.00044375 -1.2296350083e-05 -2.3191923059e-12
0.00045 -1.2383489174e-05 -2.3185593037e-12
0.00045625 -1.2473818667e-05 -2.2447706376e-12
0.0004625 -1.2567747368e-05 -2.0484403634e-12
0.00046875 -1.2665699083e-05 -1.9950219454e-12
0.000475 -1.2768194061e-05 -1.7703927297e-12
0.00048125 -1.2875718007e-05 -1.4188360737e-12
0.0004875 -1.2988768077e-05 -1.0077789974e-12
0.00049375 -1.3107678805e-05 -5.3513596998e-13
0.0005 -1.3232456449e-05 -5.3922096917e-15
0.00050625 -1.3362655927e-05 5.4099107438e-13
0.0005125 -1.3497332886e-05 1.2126625237e-12
0.00051875 -1.3635074717e-05 1.6387617098e-12
0.000525 -1.3774190969e-05 2.1062648301e-12
0.00053125 -1.3912886222e-05 2.4969815408e-12
0.0005375 -1.4049561729e-05 2.7310148353e-12
0.00054375 -1.4182999450e-05 2.8852186727e-12
0.00055 -1.4312490709e-05 2.9835374817e-12
0.00055625 -1.4437859838e-05 2.9749758365e-12
0.0005625 -1.4559375180e-05 2.8084846415e-12
0.00056875 -1.4677578945e-05 2.4871439573e-12
0.000575 -1.4793084058e-05 2.0548525692e-12
0.00058125 -1.4906385460e-05 1.4905949105e-12
0.0005875 -1.5017727417e-05 8.4868982405e-13
0.00059375 -1.5127046977e-05 2.0850736543e-13
0.0006 -1.5234000066e-05 -3.9727610219e-13
0.00060625 -1.5338056624e-05 -1.0125318858e-12
0.0006125 -1.5438630074e-05 -1.6937131798e-12
0.00061875 -1.5535202800e-05 -2.4542717240e-12
0.000625 -1.5627416724e-05 -3.2240950207e-12
0.00063125 -1.5715109575e-05 -4.0224158682e-12
0.0006375 -1.5798294273e-05 -4.8712296557e-12
0.00064375 -1.5877093331e-05 -5.6692250038e-12
0.00065 -1.5951663869e-05 -6.2827720136e-12
0.00065625 -1.6022138564e-05 -6.6492189998e-12
0.0006625 -1.6088610176e-05 -6.7813208727e-12
0.00066875 -1.6151160872e-05 -6.6373851004e-12
0.000675 -1.6209943463e-05 -6.2056479322e-12
0.00068125 -1.6265290988e-05 -5.5019498350e-12
0.0006875 -1.6317814828e-05 -4.5502947592e-12
0.00069375 -1.6368458496e-05 -3.3682088012e-12
0.0007 -1.6418488308e-05 -1.9958249656e-12
0.00070625 -1.6469414409e-05 -5.0917370398e-13
0.0007125 -1.6522850971e-05 9.6120169980e-13
0.00071875 -1.6580341112e-05 2.3856438255e-12
0.000725 -1.6643177903e-05 3.7726165287e-12
0.00073125 -1.6712254969e-05 5.1060012763e-12
0.0007375 -1.6787970610e-05 6.3167212831e-12
0.00074375 -1.6870197307e-05 7.3510502208e-12
0.00075 -1.6958313893e-05 8.1045497294e-12
0.00075625 -1.7051295504e-05 8.6140357459e-12
0.0007625 -1.7147835352e-05 8.9063219510e-12
0.00076875 -1.7246488282e-05 8.9244857091e-12
0.000775 -1.7345770380e-05 8.5888620316e-12
0.00078125 -1.7444359102e-05 7.7490791436e-12
0.0007875 -1.7541089680e-05 6.4043904514e-12
0.00079375 -1.7635065743e-05 4.6582961905e-12
0.0008 -1.7725675264e-05 2.6032303477e-12
0.00080625 -1.7812581379e-05 3.1643731482e-13
0.0008125 -1.7895692324e-05 -2.1227217974e-12
0.00081875 -1.7975112719e-05 -4.6372345558e-12
0.000825 -1.8051080129e-05 -7.1484712472e-12
0.00083125 -1.8123895666e-05 -9.6053244161e-12
0.0008375 -1.8193858362e-05 -1.2103802360e-11
0.00084375 -1.8261210048e-05 -1.4161568740e-11
0.00085 -1.8326121286e-05 -1.6138537310e-11
0.00085625 -1.8388665982e-05 -1.7784403844e-11
0.0008625 -1.8448768761e-05 -1.9003062416e-11
0.00086875 -1.8506325717e-05 -1.9673309975e-11
0.000875 -1.8561172044e-05 -1.9778953764e-11
0.00088125 -1.8613124384e-05 -1.9361439641e-11
0.0008875 -1.8662023150e-05 -1.8445933266e-11
0.00089375 -1.8707709075e-05 -1.6867202199e-11
0.0009 -1.8750168154e-05 -1.5081851898e-11
0.00090625 -1.8789292034e-05 -1.2425658000e-11
0.0009125 -1.8825109457e-05 -9.7089021295e-12
0.00091875 -1.8857676755e-05 -6.4820568955e-12
0.000925 -1.8887101683e-05 -3.0286057915e-12
0.00093125 -1.8913641895e-05 4.4378017486e-13
0.0009375 -1.8937680348e-05 3.8490484702e-12
0.00094375 -1.8959773767e-05 7.0320290907e-12
0.00095 -1.8980677705e-05 9.6668661662e-12
0.00095625 -1.9001333654e-05 1.1797020523e-11
0.0009625 -1.9022826584e-05 1.3591133715e-11
0.00096875 -1.9046314138e-05 1.5069245213e-11
0.000975 -1.9072930200e-05 1.6029804311e-11
0.00098125 -1.9103680884e-05 1.6694326401e-11
0.0009875 -1.9139313335e-05 1.6118032567e-11
0.00099375 -1.9180272461e-05 1.5021906324e-11
0.001 -1.9226643317e-05 1.3245272784e-11
0.00100625 -1.9278146672e-05 1.0895408233e-11
0.0010125 -1.9334185143e-05 8.1265936929e-12
0.00101875 -1.9393933696e-05 5.0021001129e-12
0.001025 -1.9456434291e-05 1.5840384694e-12
0.00103125 -1.9520692041e-05 -2.0753522982e-12
0.0010375 -1.9585763824e-05 -5.9494884774e-12
0.00104375 -1.9650820729e-05 -9.9456981297e-12
0.00105 -1.9715184753e-05 -1.3893613419e-11
0.00105625 -1.9778327393e-05 -1.7923392677e-11
0.0010625 -1.9839872436e-05 -2.1676426046e-11
0.00106875 -1.9899513651e-05 -2.4882726015e-11
0.001075 -1.9957070300e-05 -2.7412611296e-11
0.00108125 -2.0012413702e-05 -2.9167236206e-11
0.0010875 -2.0065459499e-05 -3.0113262280e-11
0.00109375 -2.0116171492e-05 -3.0247505587e-11
0.0011 -2.0164560405e-05 -2.9577566853e-11
0.00110625 -2.0210683540e-05 -2.7923685742e-11
0.0011125 -2.0254642445e-05 -2.5450820016e-11
0.00111875 -2.0296576204e-05 -2.2479133491e-11
0.001125 -2.0336646808e-05 -1.9246491756e-11
0.00113125 -2.0375008648e-05 -1.5795704435e-11
0.0011375 -2.0411779035e-05 -1.2129891919e-11
0.00114375 -2.0447015312e-05 -8.3158339418e-12
0.00115 -2.0480698528e-05 -4.6647224585e-12
0.00115625 -2.0512728646e-05 -1.0561753230e-12
0.0011625 -2.0542932447e-05 2.7671657490e-12
0.00116875 -2.0571086329e-05 6.8554965055e-12
0.001175 -2.0596958743e-05 1.0914459629e-11
0.00118125 -2.0620355792e-05 1.4561015715e-11
0.0011875 -2.0641164740e-05 1.7473746599e-11
0.00119375 -2.0659387524e-05 2.0252004466e-11
0.0012 -2.0675191943e-05 2.0987001347e-11
0.00120625 -2.0688906932e-05 2.0700362610e-11
0.0012125 -2.0701003122e-05 1.9057508157e-11
0.00121875 -2.0712108656e-05 1.6196127861e-11
0.001225 -2.0722921817e-05 1.2814251079e-11
0.00123125 -2.0734205057e-05 8.9659828608e-12
0.0012375 -2.0746692036e-05 4.8213249484e-12
0.00124375 -2.0761031248e-05 4.6951938243e-13
0.00125 -2.0777738125e-05 -4.1907324344e-12
0.00125625 -2.0797152061e-05 -9.1685262786e-12
0.0012625 -2.0819406802e-05 -1.4205406646e-11
0.00126875 -2.0844437572e-05 -1.9222042831e-11
0.001275 -2.0872040517e-05 -2.4463764514e-11
0.00128125 -2.0901864262e-05 -2.9361555115e-11
0.0012875 -2.0933401780e-05 -3.3854645496e-11
0.00129375 -2.0966141215e-05 -3.7789701778e-11
0.0013 -2.0999544682e-05 -4.0790635994e-11
0.00130625 -2.1033083969e-05 -4.2564440431e-11
0.0013125 -2.1066284211e-05 -4.2911969012e-11
0.00131875 -2.1098738729e-05 -4.1723741218e-11
0.001325 -2.1130110872e-05 -3.9036091367e-11
0.00133125 -2.1160136836e-05 -3.5058575670e-11
0.0013375 -2.1188628742e-05 -3.0128289585e-11
0.00134375 -2.1215474338e-05 -2.4603645636e-11
0.00135 -2.1240633971e-05 -1.8763343328e-11
0.00135625 -2.1264136466e-05 -1.2751572954e-11
0.0013625 -2.1286072699e-05 -6.5805372642e-12
0.00136875 -2.1306584134e-05 -1.8606165428e-13
0.001375 -2.1325844641e-05 6.4856949582e-12
0.00138125 -2.1344035860e-05 1.3394445151e-11
0.0013875 -2.1361318543e-05 2.0353075986e-11
0.00139375 -2.1377803506e-05 2.7046562899e-11
0.0014 -2.1393526877e-05 3.3049913239e-11
0.00140625 -2.1408435542e-05 3.7991676623e-11
0.0014125 -2.1422384235e-05 4.2594415988e-11
0.00141875 -2.1435133799e-05 4.4509070408e-11
0.001425 -2.1446435317e-05 4.4901985494e-11
0.00143125 -2.1455978194e-05 4.3406143553e-11
0.0014375 -2.1463500796e-05 4.0329822729e-11
0.00144375 -2.1468814774e-05 3.5763526923e-11
0.00145 -2.1471842565e-05 2.9942684170e-11
0.00145625 -2.1472645832e-05 2.3042923239e-11
0.0014625 -2.1471439287e-05 1.5322804162e-11
0.00146875 -2.1468582330e-05 7.0559364413e-12
0.001475 -2.1464554708e-05 -1.4953799751e-12
0.00148125 -2.1459919393e-05 -1.0132407473e-11
0.0014875 -2.1455276341e-05 -1.9311715772e-11
0.00149375 -2.1451229308e-05 -2.6949565228e-11
0.0015 -2.1448280135e-05 -3.5025131431e-11
0.00150625 -2.1446899463e-05 -4.3040875809e-11
0.0015125 -2.1447428219e-05 -4.9648258558e-11
0.00151875 -2.1450036616e-05 -5.4776997254e-11
0.001525 -2.1454812020e-05 -5.7992638754e-11
0.00153125 -2.1461718024e-05 -5.8783614389e-11
0.0015375 -2.1470619972e-05 -5.7046128552e-11
0.00154375 -2.1481322251e-05 -5.2834028374e-11
0.00155 -2.1493591511e-05 -4.6231512337e-11
0.00155625 -2.1507176962e-05 -3.7466922007e-11
0.0015625 -2.1521830789e-05 -2.6961092043e-11
0.00156875 -2.1537323574e-05 -1.5204046667e-11
0.001575 -2.1553451777e-05 -2.6107769346e-12
0.00158125 -2.1570039131e-05 1.0526628001e-11
0.0015875 -2.1586934726e-05 2.4005903953e-11
0.00159375 -2.1604009229e-05 3.7657024626e-11
0.0016 -2.1621149784e-05 5.1223374065e-11
0.00160625 -2.1638255132e-05 6.4446145774e-11
0.0016125 -2.1655229276e-05 7.7052345388e-11
0.00161875 -2.1671975883e-05 8.8580949587e-11
0.001625 -2.1688395087e-05 9.9726838137e-11
0.00163125 -2.1704354474e-05 1.0653207230e-10
0.0016375 -2.1719776085e-05 1.1255850045e-10
0.00164375 -2.1734442241e-05 1.1454971211e-10
0.00165 -2.1748224672e-05 1.1360100526e-10
0.00165625 -2.1760904945e-05 1.0946070150e-10
0.0016625 -2.1772255058e-05 1.0247075687e-10
0.00166875 -2.1782035938e-05 9.2746212670e-11
0.001675 -2.1790007301e-05 8.0671028663e-11
0.00168125 -2.1795944703e-05 6.5861103473e-11
0.0016875 -2.1799665384e-05 5.1451158980e-11
0.00169375 -2.1801008969e-05 3.5136179368e-11
0.0017 -2.1799964768e-05 1.8513819475e-11
0.00170625 -2.1796551221e-05 2.0944179303e-12
0.0017125 -2.1790905634e-05 -1.4058889994e-11
0.00171875 -2.1783266059e-05 -2.9364678382e-11
0.001725 -2.1773946439e-05 -4.3239470458e-11
0.00173125 -2.1763324475e-05 -5.6389625631e-11
0.0017375 -2.1751829859e-05 -6.6108780391e-11
0.00174375 -2.1739862592e-05 -7.2343893584e-11
0.00175 -2.1727845328e-05 -7.4776577436e-11
0.00175625 -2.1716144182e-05 -7.2855532799e-11
0.0017625 -2.1705061955e-05 -6.6447330092e-11
0.00176875 -2.1694837988e-05 -5.5729332957e-11
0.001775 -2.1685642441e-05 -4.0931870487e-11
0.00178125 -2.1677579499e-05 -2.2400366284e-11
0.0017875 -2.1670700522e-05 -7.0382462314e-13
0.00179375 -2.1665019017e-05 2.3451632621e-11
0.0018 -2.1660523219e-05 4.9379691842e-11
0.00180625 -2.1657186406e-05 7.6459218793e-11
0.0018125 -2.1654974551e-05 1.0412280168e-10
0.00181875 -2.1653849868e-05 1.3181019715e-10
0.001825 -2.1653770187e-05 1.5889709419e-10
0.00183125 -2.1654686138e-05 1.8619807595e-10
0.0018375 -2.1656519313e-05 2.0862419945e-10
0.00184375 -2.1659227297e-05 2.3034918971e-10
0.00185 -2.1662654771e-05 2.4660540182e-10
0.00185625 -2.1666710838e-05 2.5706234684e-10
0.0018625 -2.1671241947e-05 2.6430493673e-10
0.00186875 -2.1676039390e-05 2.6434277002e-10
0.001875 -2.1680956322e-05 2.5850301190e-10
0.00188125 -2.1685780980e-05 2.4654067877e-10
0.0018875 -2.1690313776e-05 2.2912794927e-10
0.00189375 -2.1694355538e-05 2.0579488397e-10
0.0019 -2.1697734057e-05 1.8075763251e-10
0.00190625 -2.1700205002e-05 1.5131518700e-10
0.0019125 -2.1701639469e-05 1.1977445800e-10
0.00191875 -2.1701842253e-05 8.7236848219e-11
0.001925 -2.1700647853e-05 5.4260780579e-11
0.00193125 -2.1697915350e-05 2.2103504175e-11
0.0019375 -2.1693520928e-05 -7.9496620817e-12
0.00194375 -2.1687373200e-05 -3.4658256945e-11
0.00195 -2.1679426953e-05 -5.6886461315e-11
0.00195625 -2.1669692939e-05 -7.3547243510e-11
0.0019625 -2.1658245062e-05 -8.5324122702e-11
0.00196875 -2.1645236886e-05 -8.8547957815e-11
0.001975 -2.1630842311e-05 -8.3392404148e-11
0.00198125 -2.1615341908e-05 -6.9912842538e-11
0.0019875 -2.1599047165e-05 -4.7958722927e-11
0.00199375 -2.1582294494e-05 -1.7952529989e-11
0.002 -2.1565435814e-05 1.9311630550e-11
0.00200625 -2.1548813506e-05 6.3011907452e-11
0.0020125 -2.1532738855e-05 1.1218743494e-10
0.00201875 -2.1517479546e-05 1.6555183564e-10
0.002025 -2.1503251445e-05 2.2156167289e-10
0.00203125 -2.1490213343e-05 2.7860247969e-10
0.0020375 -2.1478469578e-05 3.3681852427e-10
0.00204375 -2.1468043642e-05 3.8973913605e-10
0.00205 -2.1458998310e-05 4.3969967385e-10
0.00205625 -2.1451257308e-05 4.8651866344e-10
0.0020625 -2.1444753928e-05 5.2422003318e-10
0.00206875 -2.1439456489e-05 5.5379860102e-10
0.002075 -2.1435246667e-05 5.7233832067e-10
0.00208125 -2.1432042735e-05 5.8185902897e-10
0.0020875 -2.1429705733e-05 5.7795198298e-10
0.00209375 -2.1428160466e-05 5.6230076682e-10
0.0021 -2.1427271640e-05 5.3470452508e-10
0.00210625 -2.1426922577e-05 4.9623899083e-10
0.0021125 -2.1426999807e-05 4.4821469207e-10
0.00211875 -2.1427391796e-05 3.9121796639e-10
0.002125 -2.1428008223e-05 3.3177936405e-10
0.00213125 -2.1428712166e-05 2.6760206358e-10
0.0021375 -2.1429457104e-05 2.0273157142e-10
0.00214375 -2.1430137748e-05 1.3980903203e-10
0.00215 -2.1430663606e-05 8.0649978701e-11
0.00215625 -2.1430941654e-05 2.7799364236e-11
0.0021625 -2.1430857951e-05 -1.6230523561e-11
0.00216875 -2.1430278879e-05 -4.9207398301e-11
0.002175 -2.1429052383e-05 -6.9250425538e-11
0.00218125 -2.1427010989e-05 -7.4794470071e-11
0.0021875 -2.1423978489e-05 -6.4641063689e-11
0.00219375 -2.1419782030e-05 -3.8045692901e-11
0.0022 -2.1414266976e-05 5.2055422322e-12
0.00220625 -2.1407312538e-05 6.4754983252e-11
0.0022125 -2.1398846183e-05 1.3963504871e-10
0.00221875 -2.1388855023e-05 2.2822890882e-10
0.002225 -2.1377392404e-05 3.2825919560e-10
0.00223125 -2.1364578380e-05 4.3684234786e-10
0.0022375 -2.1350593680e-05 5.5062011275e-10
0.00224375 -2.1335667770e-05 6.6594825891e-10
0.00225 -2.1320062436e-05 7.7910096987e-10
0.00225625 -2.1304052883e-05 8.8645096711e-10
0.0022625 -2.1287908615e-05 9.8458917680e-10
0.00226875 -2.1271876286e-05 1.0704327352e-09
0.002275 -2.1256165995e-05 1.1412224148e-09
0.00228125 -2.1240942537e-05 1.1945855594e-09
0.0022875 -2.1226321370e-05 1.2285831681e-09
0.00229375 -2.1212369506e-05 1.2418005498e-09
0.0023 -2.1199107798e-05 1.2318929972e-09
0.00230625 -2.1186543749e-05 1.2034154084e-09
0.0023125 -2.1174590170e-05 1.1525854482e-09
0.00231875 -2.1163236036e-05 1.0813609816e-09
0.002325 -2.1152413935e-05 9.9692748366e-10
0.00233125 -2.1142017304e-05 8.9738308362e-10
0.0023375 -2.1132036017e-05 7.8869769995e-10
0.00234375 -2.1122405429e-05 6.7513408435e-10
0.00235 -2.1113093482e-05 5.6192338012e-10
0.00235625 -2.1104086050e-05 4.5405501898e-10
0.0023625 -2.1095384311e-05 3.5678786071e-10
0.00236875 -2.1087000955e-05 2.7511162120e-10
0.002375 -2.1078945214e-05 2.1124679146e-10
0.00238125 -2.1071304748e-05 1.7556587370e-10
0.0023875 -2.1064032785e-05 1.6612424597e-10
0.00239375 -2.1057196565e-05 1.8377963634e-10
0.0024 -2.1050822357e-05 2.3605563614e-10
0.00240625 -2.1044835171e-05 3.1736286083e-10
0.0024125 -2.1039244598e-05 4.2680307823e-10
0.00241875 -2.1033982020e-05 5.6873983290e-10
0.002425 -2.1028844999e-05 7.3204936451e-10
0.00243125 -2.1023848431e-05 9.2026301101e-10
0.0024375 -2.1018684801e-05 1.1224795399e-09
0.00244375 -2.1013225714e-05 1.3359897911e-09
0.00245 -2.1007345185e-05 1.5572733302e-09
0.00245625 -2.1000805113e-05 1.7775736712e-09
0.0024625 -2.0993467485e-05 1.9853780371e-09
0.00246875 -2.0985299120e-05 2.1790682311e-09
0.002475 -2.0976160683e-05 2.3506409733e-09
0.00248125 -2.0966121592e-05 2.4940637678e-09
0.0024875 -2.0955215859e-05 2.6045384225e-09
0.00249375 -2.0943545163e-05 2.6800697659e-09
0.0025 -2.0931177329e-05 2.7123202105e-09
0.00250625 -2.0918318952e-05 2.7041528475e-09
0.0025125 -2.0905100598e-05 2.6561599480e-09
0.00251875 -2.0891676186e-05 2.5684480668e-09
0.002525 -2.0878206484e-05 2.4508978270e-09
0.00253125 -2.0864769706e-05 2.3037713717e-09
0.0025375 -2.0851509245e-05 2.1337276342e-09
0.00254375 -2.0838495687e-05 1.9545011715e-09
0.00255 -2.0825738944e-05 1.7677340725e-09
0.00255625 -2.0813328345e-05 1.5846472108e-09
0.0025625 -2.0801268066e-05 1.4141712197e-09
0.00256875 -2.0789578154e-05 1.2658883378e-09
0.002575 -2.0778278427e-05 1.1485625712e-09
0.00258125 -2.0767389307e-05 1.0707340318e-09
0.0025875 -2.0756931882e-05 1.0398937712e-09
0.00259375 -2.0746932991e-05 1.0621237100e-09
0.0026 -2.0737424783e-05 1.1416403419e-09
0.00260625 -2.0728443115e-05 1.2805810785e-09
0.0026125 -2.0720025538e-05 1.4788216449e-09
0.00261875 -2.0712209556e-05 1.7338994524e-09
0.002625 -2.0705012265e-05 2.0384130921e-09
0.00263125 -2.0698524542e-05 2.3923291106e-09
0.0026375 -2.0692675112e-05 2.7811132701e-09
0.00264375 -2.0687494109e-05 3.1921388878e-09
0.00265 -2.0683035939e-05 3.6203153130e-09
0.00265625 -2.0679127428e-05 4.0460716809e-09
0.0026625 -2.0675843452e-05 4.4628032516e-09
0.00266875 -2.0672979500e-05 4.8521334168e-09
0.002675 -2.0670468133e-05 5.2054597737e-09
0.00268125 -2.0668218725e-05 5.5147784291e-09
0.0026875 -2.0666013522e-05 5.7701964514e-09
0.00269375 -2.0663682699e-05 5.9584740874e-09
0.0027 -2.0661137852e-05 6.0802319585e-09
0.00270625 -2.0658126272e-05 6.1314151400e-09
0.0027125 -2.0654569080e-05 6.1123790882e-09
0.00271875 -2.0650331812e-05 6.0259937331e-09
0.002725 -2.0645326308e-05 5.8817022015e-09
0.00273125 -2.0639421472e-05 5.6813517415e-09
0.0027375 -2.0632647950e-05 5.4385956615e-09
0.00274375 -2.0624985608e-05 5.1746666283e-09
0.00275 -2.0616417456e-05 4.8980105778e-09
0.00275625 -2.0607032674e-05 4.6250328662e-09
0.0027625 -2.0596933165e-05 4.3841539348e-09
0.00276875 -2.0586114077e-05 4.1805652240e-09
0.002775 -2.0574734302e-05 4.0358392238e-09
0.00278125 -2.0562858705e-05 3.9639546225e-09
0.0027875 -2.0550584197e-05 3.9782416712e-09
0.00279375 -2.0538001875e-05 4.0875772911e-09
0.0028 -2.0525204098e-05 4.2985427948e-09
0.00280625 -2.0512276441e-05 4.6140730553e-09
0.0028125 -2.0499303836e-05 5.0335124637e-09
0.00281875 -2.0486369929e-05 5.5523021809e-09
0.002825 -2.0473557657e-05 6.1621665938e-09
0.00283125 -2.0460948914e-05 6.8512295755e-09
0.0028375 -2.0448624600e-05 7.6042656669e-09
0.00284375 -2.0436663712e-05 8.4031090315e-09
0.00285 -2.0425141663e-05 9.2271721801e-09
0.00285625 -2.0414112160e-05 1.0051829964e-08
0.0028625 -2.0403697582e-05 1.0858233027e-08
0.00286875 -2.0393885287e-05 1.1623646737e-08
0.002875 -2.0384730831e-05 1.2325229348e-08
0.00288125 -2.0376278670e-05 1.2943764474e-08
0.0028875 -2.0368538990e-05 1.3463585896e-08
0.00289375 -2.0361513184e-05 1.3875467304e-08
0.0029 -2.0355166716e-05 1.4165577419e-08
0.00290625 -2.0349510629e-05 1.4335708905e-08
0.0029125 -2.0344523488e-05 1.4392958346e-08
0.00291875 -2.0340091979e-05 1.4343300091e-08
0.002925 -2.0336142218e-05 1.4194229631e-08
0.00293125 -2.0332652614e-05 1.3970909269e-08
0.0029375 -2.0329430554e-05 1.3694132825e-08
0.00294375 -2.0326419057e-05 1.3390300808e-08
0.00295 -2.0323514126e-05 1.3092132468e-08
0.00295625 -2.0320511090e-05 1.2821157381e-08
0.0029625 -2.0317350352e-05 1.2609933874e-08
0.00296875 -2.0313912166e-05 1.2496961437e-08
0.002975 -2.0310052003e-05 1.2501654318e-08
0.00298125 -2.0305742599e-05 1.2651508368e-08
0.0029875 -2.0300902273e-05 1.2967171533e-08
0.00299375 -2.0295503260e-05 1.3464715190e-08
0.003 -1.9946582292e-05 1.4152490153e-08
0.00300625 -1.9589764312e-05 1.5033579529e-08
0.0030125 -1.9232866169e-05 1.6107826450e-08
0.00301875 -1.8899559205e-05 1.7362837642e-08
0.003025 -1.8593979527e-05 1.8779599776e-08
0.00303125 -1.8312196978e-05 2.0333764615e-08
0.0030375 -1.8050556708e-05 2.1995513478e-08
0.00304375 -1.7808555921e-05 2.3731320782e-08
0.00305 -1.7584234922e-05 2.5501859525e-08
0.00305625 -1.7376549870e-05 2.7272364836e-08
0.0030625 -1.7182692497e-05 2.9002905750e-08
0.00306875 -1.7001519118e-05 3.0659885977e-08
0.003075 -1.6831679643e-05 3.2208348859e-08
0.00308125 -1.6671216640e-05 3.3622389559e-08
0.0030875 -1.6517404919e-05 3.4880412996e-08
0.00309375 -1.6367049821e-05 3.5966860341e-08
0.0031 -1.6216196212e-05 3.6876176634e-08
0.00310625 -1.6060391147e-05 3.7611524394e-08
0.0031125 -1.5895308293e-05 3.8180304555e-08
0.00311875 -1.5717447673e-05 3.8609451436e-08
0.003125 -1.5524525848e-05 3.8925732895e-08
0.00313125 -1.5316671400e-05 3.9167930463e-08
0.0031375 -1.5096607868e-05 3.9380925546e-08
0.00314375 -1.4868711911e-05 3.9614509223e-08
0.00315 -1.4638105047e-05 3.9920698875e-08
0.00315625 -1.4409383374e-05 4.0355739005e-08
0.0031625 -1.4185765778e-05 4.0974200945e-08
0.00316875 -1.3968712209e-05 4.1826884497e-08
0.003175 -1.3757991806e-05 4.2957799175e-08
0.00318125 -1.3552560929e-05 4.4402985587e-08
0.0031875 -1.3351476287e-05 4.6188351608e-08
0.00319375 -1.3154275935e-05 4.8333972131e-08
0.0032 -1.2961253771e-05 5.0846003820e-08
0.00320625 -1.2773022492e-05 5.3716772003e-08
0.0032125 -1.2590099316e-05 5.6925852603e-08
0.00321875 -1.2412337537e-05 6.0448958602e-08
0.003225 -1.2238937390e-05 6.4248677445e-08
0.00323125 -1.2068835307e-05 6.8266617746e-08
0.0032375 -1.1901186051e-05 7.2449709076e-08
0.00324375 -1.1734196104e-05 7.6737697918e-08
0.00325 -1.1567879786e-05 8.1061516378e-08
0.00325625 -1.1401078311e-05 8.5358042722e-08
0.0032625 -1.1233608617e-05 8.9562359050e-08
0.00326875 -1.1065243270e-05 9.3616970925e-08
0.003275 -1.0895812062e-05 9.7471187157e-08
0.00328125 -1.0725346653e-05 1.0108328148e-07
0.0032875 -1.0554306766e-05 1.0443098830e-07
0.00329375 -1.0383317758e-05 1.0749774664e-07
0.0033 -1.0213396475e-05 1.1028727010e-07
0.00330625 -1.0045911694e-05 1.1281932002e-07
0.0033125 -9.8820326650e-06 1.1512594534e-07
0.00331875 -9.7229862361e-06 1.1725898766e-07
0.003325 -9.5697105172e-06 1.1927773882e-07
0.00333125 -9.4226948647e-06 1.2124743769e-07
0.0033375 -9.2821674216e-06 1.2325438092e-07
0.00334375 -9.1480564339e-06 1.2538171237e-07
0.00335 -9.0201131107e-06 1.2771600282e-07
0.00335625 -8.8979322154e-06 1.3033412986e-07
0.0033625 -8.7811392651e-06 1.3331508550e-07
0.00336875 -8.6693516370e-06 1.3672804855e-07
0.003375 -8.5621833938e-06 1.4062786313e-07
0.00338125 -8.4592582692e-06 1.4505436385e-07
0.0033875 -8.3601978728e-06 1.5003060650e-07
0.00339375 -8.2646023256e-06 1.5556037199e-07
0.0034 -8.1720260469e-06 1.6162506537e-07
0.00340625 -8.0819656835e-06 1.6819218218e-07
0.0034125 -7.9938237831e-06 1.7520393048e-07
0.00341875 -7.9069168496e-06 1.8258519387e-07
0.003425 -7.8204518822e-06 1.9024303990e-07
0.00343125 -7.7336503735e-06 1.9807789050e-07
0.0034375 -7.6456981110e-06 2.0597874063e-07
0.00344375 -7.5558362746e-06 2.1383220162e-07
0.00345 -7.4634438936e-06 2.2152196694e-07
0.00345625 -7.3679450333e-06 2.2894986106e-07
0.0034625 -7.2686248589e-06 2.3600648772e-07
0.00346875 -7.1651538166e-06 2.4261461698e-07
0.003475 -7.0568533250e-06 2.4871828302e-07
0.00348125 -6.9432276580e-06 2.5426546677e-07
0.0034875 -6.8239639495e-06 2.5924654096e-07
0.00349375 -6.6989837205e-06 2.6366147653e-07
0.0035 -6.5686489283e-06 2.6754962457e-07
0.00350625 -6.4337599574e-06 2.7096031556e-07
0.0035125 -6.2956131616e-06 2.7397976527e-07
0.00351875 -6.1557959887e-06 2.7670113284e-07
0.003525 -6.0160514724e-06 2.7924273962e-07
0.00353125 -5.8779726152e-06 2.8173698369e-07
0.0035375 -5.7428565565e-06 2.8431765206e-07
0.00354375 -5.6115350006e-06 2.8711507663e-07
0.00355 -5.4842674047e-06 2.9026975342e-07
0.00355625 -5.3608445161e-06 2.9390037836e-07
0.0035625 -5.2407445349e-06 2.9810924999e-07
0.00356875 -5.1233373064e-06 3.0298212280e-07
0.003575 -5.0079302310e-06 3.0856588631e-07
0.00358125 -4.8942560622e-06 3.1489613486e-07
0.0035875 -4.7821676956e-06 3.2196458747e-07
0.00359375 -4.6718916781e-06 3.2973519755e-07
0.0036 -4.5639058889e-06 3.3814155204e-07
0.00360625 -4.4587845273e-06 3.4708550316e-07
0.0036125 -4.3570955042e-06 3.5644944326e-07
0.00361875 -4.2592941230e-06 3.6608259306e-07
0.003625 -4.1656972648e-06 3.7582603769e-07
0.00363125 -4.0764493266e-06 3.8551145881e-07
0.0036375 -3.9916459006e-06 3.9496703155e-07
0.00364375 -3.9111248548e-06 4.0401901987e-07
0.00365 -3.8350675838e-06 4.1251504414e-07
0.00365625 -3.7634711055e-06 4.2031547780e-07
0.0036625 -3.6963560859e-06 4.2730414867e-07
0.00366875 -3.6337488132e-06 4.3340784633e-07
0.003675 -3.5753795260e-06 4.3858584959e-07
0.00368125 -3.5207069791e-06 4.4282360151e-07
0.0036875 -3.4688589136e-06 4.4616491010e-07
0.00369375 -3.4185472281e-06 4.4868002015e-07
0.0037 -3.3682331330e-06 4.5048887353e-07
0.00370625 -3.3161825085e-06 4.5173186744e-07
0.0037125 -3.2607226875e-06 4.5259059455e-07
0.00371875 -3.2003591115e-06 4.5325507221e-07
0.003725 -3.1339977272e-06 4.5393996588e-07
0.00373125 -3.0610268637e-06 4.5485388895e-07
0.0037375 -2.9814011307e-06 4.5621165171e-07
0.00374375 -2.8955734671e-06 4.5820503406e-07
0.00375 -2.8044984810e-06 4.6099859367e-07
0.00375625 -2.7093697394e-06 4.6474637398e-07
0.0037625 -2.6116654858e-06 4.6956753371e-07
0.00376875 -2.5128482140e-06 4.7550843664e-07
0.003775 -2.4143529997e-06 4.8258414731e-07
0.00378125 -2.3174403948e-06 4.9077215801e-07
0.0037875 -2.2230511997e-06 4.9997889394e-07
0.00379375 -2.1319299151e-06 5.1008023606e-07
0.0038 -2.0444308725e-06 5.2090027013e-07
0.00380625 -1.9606796870e-06 5.3223923972e-07
0.0038125 -1.8804952647e-06 5.4385599560e-07
0.00381875 -1.8035634110e-06 5.5549998407e-07
0.003825 -1.7294460799e-06 5.6691163657e-07
0.00383125 -1.6576639642e-06 5.7783255463e-07
0.0038375 -1.5877930463e-06 5.8801999754e-07
0.00384375 -1.5195433053e-06 5.9725922172e-07
0.00385 -1.4527919901e-06 6.0537036460e-07
0.00385625 -1.3875532227e-06 6.1221689026e-07
0.0038625 -1.3239480866e-06 6.1771404940e-07
0.00386875 -1.2624289350e-06 6.2184071444e-07
0.003875 -1.2033261823e-06 6.2462316300e-07
0.00388125 -1.1470266329e-06 6.2614956975e-07
0.0038875 -1.0940782063e-06 6.2657646024e-07
0.00389375 -1.0447859149e-06 6.2610606118e-07
0.0039 -9.9948238660e-07 6.2497368254e-07
0.00390625 -9.5832882865e-07 6.2346073157e-07
0.0039125 -9.2149852310e-07 6.2187077980e-07
0.00391875 -8.8896118287e-07 6.2052225424e-07
0.003925 -8.6055933664e-07 6.1971057860e-07
0.00393125 -8.3586731506e-07 6.1972392904e-07
0.0039375 -8.1430036641e-07 6.2082695251e-07
0.00394375 -7.9498871631e-07 6.2322960686e-07
0.00395 -7.7683528862e-07 6.2709409813e-07
0.00395625 -7.5854855590e-07 6.3251581876e-07
0.0039625 -7.3875432831e-07 6.3951692962e-07
0.00396875 -7.1604664591e-07 6.4808427063e-07
0.003975 -6.8922003534e-07 6.5809944200e-07
0.00398125 -6.5728146229e-07 6.6937337052e-07
0.0039875 -6.1961670315e-07 6.8166811460e-07
0.00399375 -5.7601349093e-07 6.9470901224e-07
0.004 -5.2659247763e-07 7.0815929806e-07
0.00400625 -4.7195898042e-07 7.2166125442e-07
0.0040125 -4.1310554015e-07 7.3485147203e-07
0.00401875 -3.5098926416e-07 7.4736563857e-07
0.004025 -2.8686710954e-07 7.5886262755e-07
0.00403125 -2.2179764769e-07 7.6903933874e-07
0.0040375 -1.5681160106e-07 7.7764297328e-07
0.00404375 -9.2713460040e-08 7.8448455472e-07
0.00405 -3.0105474373e-08 7.8944814056e-07
0.00405625 3.0587368879e-08 7.9249951085e-07
0.0040625 8.9155644447e-08 7.9368432330e-07
0.00406875 1.4547695396e-07 7.9313520127e-07
0.004075 1.9961878581e-07 7.9106161550e-07
0.00408125 2.5159846817e-07 7.8774591125e-07
0.0040875 3.0155682794e-07 7.8352559533e-07
0.00409375 3.4962738773e-07 7.7878827390e-07
0.0041 3.9598222315e-07 7.7395966219e-07
0.00410625 4.4067705222e-07 7.6945407262e-07
0.0041125 4.8386671877e-07 7.6569928188e-07
0.00411875 5.2557551878e-07 7.6307287961e-07
0.004125 5.6591395397e-07 7.6195047440e-07
0.00413125 6.0477064202e-07 7.6261160507e-07
0.0041375 6.4202774379e-07 7.6526253685e-07
0.00414375 6.7752243728e-07 7.7004492820e-07
0.00415 7.1090328951e-07 7.7695957844e-07
0.00415625 7.4193342257e-07 7.8594583673e-07
0.0041625 7.7026347314e-07 7.9685328424e-07
0.00416875 7.9559997446e-07 8.0942469123e-07
0.004175 8.1775283800e-07 8.2331912804e-07
0.00418125 8.3655594083e-07 8.3815896591e-07
0.0041875 8.5214797124e-07 8.5348120534e-07
0.00419375 8.6476929944e-07 8.6880588269e-07
0.0042 8.7487283990e-07 8.8363923914e-07
0.00420625 8.8311428916e-07 8.9750479283e-07
0.0042125 8.9028269231e-07 9.0996272195e-07
0.00421875 8.9726352314e-07 9.2061848231e-07
0.004225 9.0498750021e-07 9.2915886602e-07
0.00423125 9.1433561813e-07 9.3535692338e-07
0.0042375 9.2607228599e-07 9.3908520656e-07
0.00424375 9.4078026978e-07 9.4032498171e-07
0.00425 9.5881793015e-07 9.3916870198e-07
0.00425625 9.8030025054e-07 9.3581713951e-07
0.0042625 1.0050872582e-06 9.3057305936e-07
0.00426875 1.0328867521e-06 9.2382517638e-07
0.004275 1.0631464974e-06 9.1604128543e-07
0.00428125 1.0952764254e-06 9.0773788034e-07
0.0042875 1.1286119817e-06 8.9945408063e-07
0.00429375 1.1624634090e-06 8.9173872565e-07
0.0043 1.1962581384e-06 8.8512237042e-07
0.00430625 1.2294765948e-06 8.8009153602e-07
0.0043125 1.2617290026e-06 8.7708639142e-07
0.00431875 1.2926657480e-06 8.7639663623e-07
0.004325 1.3221296013e-06 8.7826920491e-07
0.00433125 1.3500249753e-06 8.8282447923e-07
0.0043375 1.3763144244e-06 8.9005436957e-07
0.00434375 1.4010737683e-06 8.9981878992e-07
0.00435 1.4243965405e-06 9.1187216400e-07
0.00435625 1.4464402584e-06 9.2585078597e-07
0.0043625 1.4673688441e-06 9.4130191092e-07
0.00436875 1.4873750798e-06 9.5769205400e-07
0.004375 1.5066094160e-06 9.7444600741e-07
0.00438125 1.5251873896e-06 9.9095814157e-07
0.0043875 1.5431507337e-06 1.0066287954e-06
0.00439375 1.5604620288e-06 1.0209032531e-06
0.0044 1.5769609010e-06 1.0332301971e-06
0.00440625 1.5923897803e-06 1.0431977716e-06
0.0044125 1.6064363566e-06 1.0504760199e-06
0.00441875 1.6187157829e-06 1.0548545732e-06
0.004425 1.6288506765e-06 1.0562484965e-06
0.00443125 1.6365153645e-06 1.0547166178e-06
0.0044375 1.6414873721e-06 1.0504493286e-06
0.00444375 1.6436643458e-06 1.0437510500e-06
0.00445 1.6431632738e-06 1.0350545605e-06
0.00445625 1.6402530455e-06 1.0248850586e-06
0.0044625 1.6353809597e-06 1.0138373131e-06
0.00446875 1.6291389998e-06 1.0025511381e-06
0.004475 1.6222068820e-06 9.9168226181e-07
0.00448125 1.6153082919e-06 9.8186636567e-07
0.0044875 1.6091035403e-06 9.7371450060e-07
0.00449375 1.6042482279e-06 9.6774521568e-07
0.0045 1.6012044361e-06 9.6437328353e-07
0.00450625 1.6003068214e-06 9.6390564092e-07
0.0045125 1.6017485465e-06 9.6652375174e-07
0.00451875 1.6055395334e-06 9.7225900618e-07
0.004525 1.6115905914e-06 9.8101646272e-07
0.00453125 1.6195947754e-06 9.9248765038e-07
0.0045375 1.6292796705e-06 1.0062862687e-06
0.00454375 1.6403984277e-06 1.0219613513e-06
0.00455 1.6525304924e-06 1.0389060426e-06
0.00455625 1.6653495251e-06 1.0564383408e-06
0.0045625 1.6787194108e-06 1.0738779941e-06
0.00456875 1.6924052781e-06 1.0905368004e-06
0.004575 1.7063031213e-06 1.1057487461e-06
0.00458125 1.7203587387e-06 1.1189169778e-06
0.0045875 1.7345546309e-06 1.1295343979e-06
0.00459375 1.7488895896e-06 1.1372088606e-06
0.0046 1.7633875607e-06 1.1416775860e-06
0.00460625 1.7780666515e-06 1.1428590769e-06
0.0046125 1.7929192839e-06 1.1407257086e-06
0.00461875 1.8078903153e-06 1.1355114133e-06
0.004625 1.8229149443e-06 1.1275569723e-06
0.00463125 1.8378382477e-06 1.1173260912e-06
0.0046375 1.8524537965e-06 1.1053919755e-06
0.00464375 1.8665043123e-06 1.0924068629e-06
0.00465 1.8796691608e-06 1.0790705117e-06
0.00465625 1.8916064449e-06 1.0661061461e-06
0.0046625 1.9019330302e-06 1.0542157871e-06
0.00466875 1.9102790231e-06 1.0440542497e-06
0.004675 1.9163082663e-06 1.0361958666e-06
0.00468125 1.9197461486e-06 1.0311058317e-06
0.0046875 1.9204114777e-06 1.0291177293e-06
0.00469375 1.9182425420e-06 1.0304176313e-06
0.0047 1.9133122183e-06 1.0350349700e-06
0.00470625 1.9058303065e-06 1.0428405978e-06
0.0047125 1.8961368789e-06 1.0535569988e-06
0.00471875 1.8846699230e-06 1.0667547706e-06
0.004725 1.8719245206e-06 1.0819104979e-06
0.00473125 1.8584383784e-06 1.0983948957e-06
0.0047375 1.8447372447e-06 1.1155125150e-06
0.00474375 1.8312668583e-06 1.1325249374e-06
0.00475 1.8184120193e-06 1.1487331811e-06
0.00475625 1.8064788338e-06 1.1634344906e-06
0.0047625 1.7956414708e-06 1.1760074495e-06
0.00476875 1.7859646076e-06 1.1859739676e-06
0.004775 1.7774900933e-06 1.1929684452e-06
0.00478125 1.7702102078e-06 1.1966518524e-06
0.0047875 1.7639088878e-06 1.1970290561e-06
0.00479375 1.7586340402e-06 1.1941840140e-06
0.0048 1.7542896348e-06 1.1882400732e-06
0.00480625 1.7507063805e-06 1.1796511518e-06
0.0048125 1.7479976112e-06 1.1688974685e-06
0.00481875 1.7461235484e-06 1.1565697162e-06
0.004825 1.7451313936e-06 1.1433093394e-06
0.00483125 1.7450229356e-06 1.1298414435e-06
0.0048375 1.7459017316e-06 1.1168816921e-06
0.00484375 1.7477643819e-06 1.1050984172e-06
0.00485 1.7505901397e-06 1.0950902671e-06
0.00485625 1.7543505707e-06 1.0874195042e-06
0.0048625 1.7589392285e-06 1.0824802526e-06
0.00486875 1.7641993489e-06 1.0805369144e-06
0.004875 1.7699320815e-06 1.0817146660e-06
0.00488125 1.7758918269e-06 1.0859843973e-06
0.0048875 1.7817923078e-06 1.0931645504e-06
0.00489375 1.7873276772e-06 1.1029365195e-06
0.0049 1.7921701789e-06 1.1148451365e-06
0.00490625 1.7959759521e-06 1.1283439842e-06
0.0049125 1.7984397734e-06 1.1428221065e-06
0.00491875 1.7992695301e-06 1.1576047338e-06
0.004925 1.7981940281e-06 1.1720242083e-06
0.00493125 1.7950234385e-06 1.1854343649e-06
0.0049375 1.7896266168e-06 1.1972448130e-06
0.00494375 1.7819529150e-06 1.2069492258e-06
0.00495 1.7720400758e-06 1.2141508968e-06
0.00495625 1.7600121698e-06 1.2185626735e-06
0.0049625 1.7460908490e-06 1.2200887827e-06
0.00496875 1.7305610755e-06 1.2187371590e-06
0.004975 1.7137886800e-06 1.2146702272e-06
0.00498125 1.6961190208e-06 1.2081183088e-06
0.0049875 1.6779479039e-06 1.1995432154e-06
0.00499375 1.6597122439e-06 1.1894531694e-06
0.005 1.6417497833e-06 1.1783742585e-06
0.00500625 1.6242843143e-06 1.1669451210e-06
0.0050125 1.6076933493e-06 1.1557921237e-06
0.00501875 1.5920067953e-06 1.1454806211e-06
0.005025 1.5774743504e-06 1.1365954139e-06
0.00503125 1.5640053783e-06 1.1295369446e-06
0.0050375 1.5517600488e-06 1.1247417358e-06
0.00504375 1.5405793155e-06 1.1223576136e-06
0.00505 1.5305351154e-06 1.1225669793e-06
0.00505625 1.5215320038e-06 1.1253376573e-06
0.0050625 1.5135292879e-06 1.1304496274e-06
0.00506875 1.5065240355e-06 1.1377005766e-06
0.005075 1.5004705424e-06 1.1467031894e-06
0.00508125 1.4953529980e-06 1.1569665585e-06
0.0050875 1.4911637363e-06 1.1679878308e-06
0.00509375 1.4878864594e-06 1.1792239733e-06
0.0051 1.4854954167e-06 1.1901302312e-06
0.00510625 1.4839552101e-06 1.2001898035e-06
0.0051125 1.4832227629e-06 1.2089352507e-06
0.00511875 1.4832183901e-06 1.2159785626e-06
0.005125 1.4838527319e-06 1.2210249840e-06
0.00513125 1.4850073480e-06 1.2238905005e-06
0.0051375 1.4865379711e-06 1.2245091960e-06
0.00514375 1.4882703855e-06 1.2229346728e-06
0.00515 1.4900048465e-06 1.2193340766e-06
0.00515625 1.4915123802e-06 1.2139778082e-06
0.0051625 1.4925417840e-06 1.2072230660e-06
0.00516875 1.4928332501e-06 1.1994914016e-06
0.005175 1.4920979478e-06 1.1912493252e-06
0.00518125 1.4900788340e-06 1.1829791300e-06
0.0051875 1.4865518218e-06 1.1751383732e-06
0.00519375 1.4813133328e-06 1.1681625241e-06
0.0052 1.4742437690e-06 1.1624226739e-06
0.00520625 1.4652840937e-06 1.1582133832e-06
0.0052125 1.4544657965e-06 1.1557344174e-06
0.00521875 1.4418999505e-06 1.1550873592e-06
0.005225 1.4277832071e-06 1.1562680386e-06
0.00523125 1.4123748395e-06 1.1591718412e-06
0.0052375 1.3959849695e-06 1.1636005534e-06
0.00524375 1.3789469998e-06 1.1692774843e-06
0.00525 1.3615969196e-06 1.1758633263e-06
0.00525625 1.3442459003e-06 1.1829770062e-06
0.0052625 1.3271632719e-06 1.1902168987e-06
0.00526875 1.3105600995e-06 1.1971843248e-06
0.005275 1.2945836627e-06 1.2035055328e-06
0.00528125 1.2793159133e-06 1.2088531483e-06
0.0052875 1.2647801896e-06 1.2129694413e-06
0.00529375 1.2509719723e-06 1.2156514717e-06
0.0053 1.2377876329e-06 1.2168234879e-06
0.00530625 1.2251985069e-06 1.2164866491e-06
0.0053125 1.2131274872e-06 1.2147057247e-06
0.00531875 1.2015020828e-06 1.2116684925e-06
0.005325 1.1902802371e-06 1.2076263732e-06
0.00533125 1.1794609515e-06 1.2028632091e-06
0.0053375 1.1690490048e-06 1.1977204872e-06
0.00534375 1.1590844935e-06 1.1925542774e-06
0.00535 1.1496310380e-06 1.1877104535e-06
0.00535625 1.1407636962e-06 1.1835085285e-06
0.0053625 1.1325600949e-06 1.1802246733e-06
0.00536875 1.1250922715e-06 1.1780732594e-06
0.005375 1.1184160117e-06 1.1771941065e-06
0.00538125 1.1125599239e-06 1.1776450296e-06
0.0053875 1.1075158064e-06 1.1793998742e-06
0.00539375 1.1032448385e-06 1.1823604430e-06
0.0054 1.0996082068e-06 1.1863120208e-06
0.00540625 1.0964951641e-06 1.1910368554e-06
0.0054125 1.0937234468e-06 1.1962350814e-06
0.00541875 1.0910113945e-06 1.2015673037e-06
0.005425 1.0881363799e-06 1.2067064928e-06
0.00543125 1.0848340614e-06 1.2113245328e-06
0.0054375 1.0808320913e-06 1.2151323523e-06
0.00544375 1.0759393193e-06 1.2178735261e-06
0.00545 1.0699437721e-06 1.2193700115e-06
0.00545625 1.0627338759e-06 1.2195189950e-06
0.0054625 1.0542578287e-06 1.2182983599e-06
0.00546875 1.0445309356e-06 1.2157716122e-06
0.005475 1.0336367330e-06 1.2120855978e-06
0.00548125 1.0217155659e-06 1.2074612279e-06
0.0054875 1.0089466883e-06 1.2021803236e-06
0.00549375 9.9553695640e-07 1.1965728284e-06
0.0055 9.8166940010e-07 1.1909898476e-06
0.00550625 9.6757274883e-07 1.1857879711e-06
0.0055125 9.5338202036e-07 1.1813099036e-06
0.00551875 9.3923607899e-07 1.1778574629e-06
0.005525 9.2521867126e-07 1.1756812102e-06
0.00553125 9.1137642936e-07 1.1749567226e-06
0.0055375 8.9772474970e-07 1.1757782906e-06
0.00554375 8.8426120340e-07 1.1781499105e-06
0.00555 8.7097092261e-07 1.1819863976e-06
0.00555625 8.5784514042e-07 1.1871148447e-06
0.0055625 8.4488757228e-07 1.1932855050e-06
0.00556875 8.3212682274e-07 1.2001840279e-06
0.005575 8.1961784805e-07 1.2074469963e-06
0.00558125 8.0743660297e-07 1.2146875012e-06
0.0055875 7.9569032659e-07 1.2215114572e-06
0.00559375 7.8449517325e-07 1.2275439091e-06
0.0056 7.7397772106e-07 1.2324482246e-06
0.00560625 7.6425899099e-07 1.2359479085e-06
0.0056125 7.5544886398e-07 1.2378419134e-06
0.00561875 7.4763359150e-07 1.2380177585e-06
0.005625 7.4087017941e-07 1.2364579960e-06
0.00563125 7.3517814604e-07 1.2332425757e-06
0.0056375 7.3052254803e-07 1.2285492477e-06
0.00564375 7.2687170322e-07 1.2226233277e-06
0.00565 7.2410047051e-07 1.2157981705e-06
0.00565625 7.2206289311e-07 1.2084580770e-06
0.0056625 7.2058346150e-07 1.2010147614e-06
0.00566875 7.1945752769e-07 1.1938897394e-06
0.005675 7.1846524920e-07 1.1874913407e-06
0.00568125 7.1738379381e-07 1.1821902902e-06
0.0056875 7.1599885028e-07 1.1782985176e-06
0.00569375 7.1411549111e-07 1.1760523004e-06
0.0057 7.1156851464e-07 1.1755989404e-06
0.00570625 7.0823038807e-07 1.1769876911e-06
0.0057125 7.0401505977e-07 1.1801671232e-06
0.00571875 6.9888276920e-07 1.1849987305e-06
0.005725 6.9280895723e-07 1.1912185932e-06
0.00573125 6.8586284516e-07 1.1985196855e-06
0.0057375 6.7806856833e-07 1.2065356100e-06
0.00574375 6.6951016026e-07 1.2148499423e-06
0.00575 6.6026838920e-07 1.2230352909e-06
0.00575625 6.5042719696e-07 1.2306716828e-06
0.0057625 6.4005546207e-07 1.2373722116e-06
0.00576875 6.2922337409e-07 1.2427999060e-06
0.005775 6.1798426026e-07 1.2466889728e-06
0.00578125 6.0638678920e-07 1.2488612376e-06
0.0057875 5.9446921107e-07 1.2492326792e-06
0.00579375 5.8227496586e-07 1.2478164761e-06
0.0058 5.6984835027e-07 1.2447264619e-06
0.00580625 5.5724132569e-07 1.2401675122e-06
0.0058125 5.4452450073e-07 1.2344216148e-06
0.00581875 5.3177920799e-07 1.2278354169e-06
0.005825 5.1910441099e-07 1.2207987463e-06
0.00583125 5.0661155807e-07 1.2137226333e-06
0.0058375 4.9442322092e-07 1.2070154567e-06
0.00584375 4.8266644978e-07 1.2010608754e-06
0.00585 4.7146511191e-07 1.1961802361e-06
0.00585625 4.6094414953e-07 1.1926777703e-06
0.0058625 4.5120698128e-07 1.1907381065e-06
0.00586875 4.4234049605e-07 1.1904647180e-06
0.005875 4.3441016201e-07 1.1918734339e-06
0.00588125 4.2745179840e-07 1.1948879619e-06
0.0058875 4.2147193132e-07 1.1993443186e-06
0.00589375 4.1644549070e-07 1.2050035865e-06
0.0059 4.1231585953e-07 1.2115667247e-06
0.00590625 4.0899640226e-07 1.2186909815e-06
0.0059125 4.0637377429e-07 1.2260091532e-06
0.00591875 4.0431229241e-07 1.2331508992e-06
0.005925 4.0265932513e-07 1.2397639076e-06
0.00593125 4.0125167673e-07 1.2455333377e-06
0.0059375 3.9992286018e-07 1.2501988173e-06
0.00594375 3.9851054943e-07 1.2535677569e-06
0.00595 3.9687131956e-07 1.2555125341e-06
0.00595625 3.9484748210e-07 1.2560263077e-06
0.0059625 3.9237133950e-07 1.2551456222e-06
0.00596875 3.8933997177e-07 1.2529944631e-06
0.005975 3.8571802593e-07 1.2497620600e-06
0.00598125 3.8148730708e-07 1.2456983273e-06
0.0059875 3.7666897177e-07 1.2410866663e-06
0.00599375 3.7129489920e-07 1.2362347858e-06
0.006 3.6542253301e-07 1.2314501120e-06
0.00600625 3.5912057616e-07 1.2270269281e-06
0.0060125 3.5245493419e-07 1.2232282746e-06
0.00601875 3.4549413116e-07 1.2202668403e-06
0.006025 3.3829824400e-07 1.2182956874e-06
0.00603125 3.3091147387e-07 1.2174063062e-06
0.0060375 3.2337479285e-07 1.2176196080e-06
0.00604375 3.1571124607e-07 1.2188907379e-06
0.00605 3.0793937577e-07 1.2211121369e-06
0.00605625 3.0007048031e-07 1.2241244710e-06
0.0060625 2.9211712580e-07 1.2277172427e-06
0.00606875 2.8410023938e-07 1.2316831223e-06
0.006075 2.7604732153e-07 1.2357740402e-06
0.00608125 2.6799870826e-07 1.2397517708e-06
0.0060875 2.6001323263e-07 1.2434007059e-06
0.00609375 2.5216335828e-07 1.2465374445e-06
0.0061 2.4453683067e-07 1.2490206923e-06
0.00610625 2.3723261492e-07 1.2507604162e-06
0.0061125 2.3035643034e-07 1.2517217632e-06
0.00611875 2.2401506912e-07 1.2519242776e-06
0.006125 2.1831029860e-07 1.2514381899e-06
0.00613125 2.1333220078e-07 1.2503781346e-06
0.0061375 2.0915268150e-07 1.2488939001e-06
0.00614375 2.0581981531e-07 1.2471585872e-06
0.00615 2.0335327521e-07 1.2453552388e-06
0.00615625 2.0174116638e-07 1.2436629979e-06
0.0061625 2.0093876881e-07 1.2422436390e-06
0.00616875 2.0086934909e-07 1.2412293955e-06
0.006175 2.0143781075e-07 1.2407164367e-06
0.00618125 2.0248281157e-07 1.2407445597e-06
0.0061875 2.0389686415e-07 1.2413120219e-06
0.00619375 2.0550347997e-07 1.2423701522e-06
0.0062 2.0716276087e-07 1.2438181305e-06
0.00620625 2.0872794394e-07 1.2455208320e-06
0.0062125 2.1008465032e-07 1.2473119372e-06
0.00621875 2.1113178363e-07 1.2490103673e-06
0.006225 2.1180759798e-07 1.2504278512e-06
0.00623125 2.1207697112e-07 1.2513859972e-06
0.0062375 2.1193037301e-07 1.2517323808e-06
0.00624375 2.1139289197e-07 1.2513458515e-06
0.00625 2.1050252281e-07 1.2501505231e-06
0.00625625 2.0930758350e-07 1.2481243147e-06
0.0062625 2.0786395891e-07 1.2452995072e-06
0.00626875 2.0621849711e-07 1.2417647836e-06
0.006275 2.0440842849e-07 1.2376601990e-06
0.00628125 2.0245148719e-07 1.2331649187e-06
0.0062875 2.0035661646e-07 1.2285043400e-06
0.00629375 1.9810902280e-07 1.2239163026e-06
0.0063 1.9568343078e-07 1.2196443986e-06
0.00630625 1.9304931733e-07 1.2159227380e-06
0.0063125 1.9017419257e-07 1.2129601698e-06
0.00631875 1.8703326718e-07 1.2109250061e-06
0.006325 1.8361528585e-07 1.2099330575e-06
0.00633125 1.7992802739e-07 1.2100386989e-06
0.0063375 1.7600214575e-07 1.2112292255e-06
0.00634375 1.7189304440e-07 1.2134231098e-06
0.00635 1.6768009083e-07 1.2164727205e-06
0.00635625 1.6346308941e-07 1.2201712626e-06
0.0063625 1.5935910217e-07 1.2242634469e-06
0.00636875 1.5549544444e-07 1.2284590273e-06
0.006375 1.5199936711e-07 1.2324493155e-06
0.00638125 1.4899572636e-07 1.2359243920e-06
0.0063875 1.4659594853e-07 1.2385916628e-06
0.00639375 1.4489296630e-07 1.2401929221e-06
0.0064 1.4396318383e-07 1.2405085885e-06
0.00640625 1.4382135046e-07 1.2394201210e-06
0.0064125 1.4451018838e-07 1.2368433553e-06
0.00641875 1.4598298084e-07 1.2327897071e-06
0.006425 1.4820894261e-07 1.2273443965e-06
0.00643125 1.5110354784e-07 1.2206782404e-06
0.0064375 1.5458699894e-07 1.2130254437e-06
0.00644375 1.5854849411e-07 1.2046813029e-06
0.00645 1.6288672474e-07 1.1959810490e-06
0.00645625 1.6749376712e-07 1.1872871797e-06
0.0064625 1.7227674445e-07 1.1789613267e-06
0.00646875 1.7715041994e-07 1.1713546017e-06
0.006475 1.8205604050e-07 1.1647764948e-06
0.00648125 1.8693933117e-07 1.1594908464e-06
0.0064875 1.9177819575e-07 1.1556920361e-06
0.00649375 1.9655301356e-07 1.1534994715e-06
0.0065 2.0126103531e-07 1.1529466741e-06
0.00650625 2.0589604640e-07 1.1539647025e-06
0.0065125 2.1046524310e-07 1.1564547818e-06
0.00651875 2.1495613017e-07 1.1601928263e-06
0.006525 2.1935609201e-07 1.1648983383e-06
0.00653125 2.2364138455e-07 1.1702495466e-06
0.0065375 2.2777716342e-07 1.1758927078e-06
0.00654375 2.3172173765e-07 1.1814596700e-06
0.00655 2.3542924849e-07 1.1865906666e-06
0.00655625 2.3885395356e-07 1.1909537653e-06
0.0065625 2.4195557109e-07 1.1942605643e-06
0.00656875 2.4470398673e-07 1.1962802873e-06
0.006575 2.4708477952e-07 1.1968529591e-06
0.00658125 2.4910251777e-07 1.1958970025e-06
0.0065875 2.5078007213e-07 1.1934127722e-06
0.00659375 2.5216154846e-07 1.1894811626e-06
0.0066 2.5331049055e-07 1.1842586535e-06
0.00660625 2.5430710647e-07 1.1779669480e-06
0.0066125 2.5524401708e-07 1.1708810266e-06
0.00661875 2.5622435097e-07 1.1633128435e-06
0.006625 2.5735685692e-07 1.1555982503e-06
0.00663125 2.5873235579e-07 1.1480687565e-06
0.0066375 2.6047604453e-07 1.1410428210e-06
0.00664375 2.6264465948e-07 1.1348140758e-06
0.00665 2.6533100423e-07 1.1296276171e-06
0.00665625 2.6857148286e-07 1.1256784834e-06
0.0066625 2.7241134076e-07 1.1230929855e-06
0.00666875 2.7684948547e-07 1.1219351722e-06
0.006675 2.8188294291e-07 1.1221957974e-06
0.00668125 2.8747579603e-07 1.1238042858e-06
0.0066875 2.9358383084e-07 1.1266193491e-06
0.00669375 3.0014259727e-07 1.1304653897e-06
0.0067 3.0708673965e-07 1.1351136951e-06
0.00670625 3.1433585950e-07 1.1403137239e-06
0.0067125 3.2181533120e-07 1.1458029727e-06
0.00671875 3.2945091703e-07 1.1513192674e-06
0.006725 3.3717339575e-07 1.1566118068e-06
0.00673125 3.4491564544e-07 1.1614547019e-06
0.0067375 3.5263160721e-07 1.1656490089e-06
0.00674375 3.6026404680e-07 1.1690400547e-06
0.00675 3.6777315214e-07 1.1715172508e-06
0.00675625 3.7512126860e-07 1.1730153811e-06
0.0067625 3.8227252373e-07 1.1735151941e-06
0.00676875 3.8919337326e-07 1.1730409381e-06
0.006775 3.9585078811e-07 1.1716555184e-06
0.00678125 4.0221119999e-07 1.1694545731e-06
0.0067875 4.0824014216e-07 1.1665599939e-06
0.00679375 4.1390441415e-07 1.1631134913e-06
0.0068 4.1917392364e-07 1.1592691948e-06
0.00680625 4.2402088662e-07 1.1551872482e-06
0.0068125 4.2842473912e-07 1.1510276062e-06
0.00681875 4.3237365548e-07 1.1469449460e-06
0.006825 4.3586780039e-07 1.1430842589e-06
0.00683125 4.3892030558e-07 1.1395778614e-06
0.0068375 4.4155809373e-07 1.1365431819e-06
0.00684375 4.4382487948e-07 1.1340811435e-06
0.00685 4.4577924257e-07 1.1322827858e-06
0.00685625 4.4748185670e-07 1.1312027897e-06
0.0068625 4.4904307232e-07 1.1308944469e-06
0.00686875 4.5052205071e-07 1.1313960938e-06
0.006875 4.5204095020e-07 1.1327224045e-06
0.00688125 4.5367800860e-07 1.1348736353e-06
0.0068875 4.5554534249e-07 1.1378264944e-06
0.00689375 4.5771585145e-07 1.1415446102e-06
0.0069 4.6027570803e-07 1.1459653930e-06
0.00690625 4.6327779334e-07 1.1510082127e-06
0.0069125 4.6677111681e-07 1.1565677824e-06
0.00691875 4.7077436231e-07 1.1625207743e-06
0.006925 4.7529454928e-07 1.1687183805e-06
0.00693125 4.8031195006e-07 1.1749982574e-06
0.0069375 4.8579628891e-07 1.1811805075e-06
0.00694375 4.9169583751e-07 1.1870758946e-06
0.00695 4.9795050998e-07 1.1924941755e-06
0.00695625 5.0448591573e-07 1.1972478635e-06
0.0069625 5.1124839090e-07 1.2011653730e-06
0.00696875 5.1815340003e-07 1.2040929411e-06
0.006975 5.2514016195e-07 1.2059117154e-06
0.00698125 5.3215310429e-07 1.2065422889e-06
0.0069875 5.3914624658e-07 1.2059525295e-06
0.00699375 5.4608576593e-07 1.2041643839e-06
0.007 5.5294992750e-07 1.2012576257e-06
0.00700625 5.5972701130e-07 1.1973708000e-06
0.0070125 5.6641250928e-07 1.1926998549e-06
0.00701875 5.7300747075e-07 1.1874932321e-06
0.007025 5.7949646521e-07 1.1820447602e-06
0.00703125 5.8592082688e-07 1.1766795248e-06
0.0070375 5.9227407213e-07 1.1717421953e-06
0.00704375 5.9851416717e-07 1.1675800602e-06
0.00705 6.0465084583e-07 1.1645291881e-06
0.00705625 6.1066100457e-07 1.1628926424e-06
0.0070625 6.1652311584e-07 1.1629229276e-06
0.00706875 6.2221274927e-07 1.1648089270e-06
0.007075 6.2771062505e-07 1.1686770493e-06
0.00708125 6.3297920963e-07 1.1745259244e-06
0.0070875 6.3803479605e-07 1.1822965701e-06
0.00709375 6.4283884963e-07 1.1918360288e-06
0.0071 6.4742394095e-07 1.2028898146e-06
0.00710625 6.5178489186e-07 1.2151273727e-06
0.0071125 6.5597049934e-07 1.2281443336e-06
0.00711875 6.6000335368e-07 1.2414933013e-06
0.007125 6.6394271860e-07 1.2546901643e-06
0.00713125 6.6783159066e-07 1.2672479908e-06
0.0071375 6.7173152182e-07 1.2786938701e-06
0.00714375 6.7568914607e-07 1.2886025545e-06
0.00715 6.7975616881e-07 1.2966102785e-06
0.00715625 6.8396753292e-07 1.3024397530e-06
0.0071625 6.8835462860e-07 1.3059164188e-06
0.00716875 6.9292892215e-07 1.3069822837e-06
0.007175 6.9768767352e-07 1.3057058658e-06
0.00718125 7.0263573673e-07 1.3022481895e-06
0.0071875 7.0773558465e-07 1.2969156022e-06
0.00719375 7.1295877429e-07 1.2901140538e-06
0.0072 7.1826733365e-07 1.2823286837e-06
0.00720625 7.2362083233e-07 1.2741078753e-06
0.0072125 7.2898201510e-07 1.2660383207e-06
0.00721875 7.3432090329e-07 1.2587137289e-06
0.007225 7.3961724393e-07 1.2527046913e-06
0.00723125 7.4484381937e-07 1.2485305768e-06
0.0072375 7.5004244566e-07 1.2466415004e-06
0.00724375 7.5522498717e-07 1.2473728371e-06
0.00725 7.6038330744e-07 1.2509382570e-06
0.00725625 7.6555266690e-07 1.2574424407e-06
0.0072625 7.7080998494e-07 1.2668471453e-06
0.00726875 7.7613624036e-07 1.2789486119e-06
0.007275 7.8157561786e-07 1.2934363596e-06
0.00728125 7.8714166749e-07 1.3098842722e-06
0.0072875 7.9283373958e-07 1.3277639221e-06
0.00729375 7.9864172963e-07 1.3464728225e-06
0.0073 8.0451673223e-07 1.3653733838e-06
0.00730625 8.1045027791e-07 1.3838132528e-06
0.0073125 8.1634858038e-07 1.4011741424e-06
0.00731875 8.2217770802e-07 1.4168757620e-06
0.007325 8.2785083677e-07 1.4304282998e-06
0.00733125 8.3331365294e-07 1.4414333407e-06
0.0073375 8.3849184539e-07 1.4496401272e-06
0.00734375 8.4334456045e-07 1.4549153491e-06
0.00735 8.4781927198e-07 1.4572898057e-06
0.00735625 8.5190024156e-07 1.4569302852e-06
0.0073625 8.5556878471e-07 1.4541436321e-06
0.00736875 8.5884312368e-07 1.4493612392e-06
0.007375 8.6173537348e-07 1.4430984027e-06
0.00738125 8.6428201712e-07 1.4359567561e-06
0.0073875 8.6654416115e-07 1.4286056320e-06
0.00739375 8.6856703536e-07 1.4216988589e-06
0.0074 8.7042601906e-07 1.4158915417e-06
0.00740625 8.7218138989e-07 1.4117862844e-06
0.0074125 8.7389655264e-07 1.4099110451e-06
0.00741875 8.7563102902e-07 1.4106960739e-06
0.007425 8.7743799193e-07 1.4144523914e-06
0.00743125 8.7936407111e-07 1.4213563897e-06
0.0074375 8.8144899167e-07 1.4314426575e-06
0.00744375 8.8372542067e-07 1.4446041280e-06
0.00745 8.8621942529e-07 1.4605981209e-06
0.00745625 8.8895110701e-07 1.4790587603e-06
0.0074625 8.9193615606e-07 1.4995127967e-06
0.00746875 8.9518746067e-07 1.5214036782e-06
0.007475 8.9871303068e-07 1.5441176424e-06
0.00748125 9.0251880501e-07 1.5670116863e-06
0.0074875 9.0660748576e-07 1.5894434580e-06
0.00749375 9.1097812875e-07 1.6107997556e-06
0.0075 9.1562420805e-07 1.6305253436e-06
0.00750625 9.2053502109e-07 1.6481477193e-06
0.0075125 9.2569199873e-07 1.6632982937e-06
0.00751875 9.3106900837e-07 1.6757284146e-06
0.007525 9.3663671984e-07 1.6852948308e-06
0.00753125 9.4233193515e-07 1.6920659083e-06
0.0075375 9.4813739479e-07 1.6961867058e-06
0.00754375 9.5397459632e-07 1.6978535664e-06
0.00755 9.5974766041e-07 1.6975259032e-06
0.00755625 9.6546389102e-07 1.6956639911e-06
0.0075625 9.7098063428e-07 1.6928275329e-06
0.00756875 9.7629038270e-07 1.6896090759e-06
0.007575 9.8128340819e-07 1.6866455979e-06
0.00758125 9.8595483077e-07 1.6845226123e-06
0.0075875 9.9022741643e-07 1.6839062686e-06
0.00759375 9.9407030190e-07 1.6852478909e-06
0.0076 9.9750560906e-07 1.6890178292e-06
0.00760625 1.0005088908e-06 1.6955734753e-06
0.0076125 1.0031139859e-06 1.7051364422e-06
0.00761875 1.0053507661e-06 1.7178138970e-06
0.007625 1.0072675099e-06 1.7335575641e-06
0.00763125 1.0089304593e-06 1.7522738006e-06
0.0076375 1.0103916382e-06 1.7736685253e-06
0.00764375 1.0117305198e-06 1.7973431020e-06
0.00765 1.0130160693e-06 1.8228222536e-06
0.00765625 1.0143151591e-06 1.8495574634e-06
0.0076625 1.0156895049e-06 1.8769456378e-06
0.00766875 1.0171926187e-06 1.9043609959e-06
0.007675 1.0188662834e-06 1.9311847265e-06
0.00768125 1.0207397002e-06 1.9568293857e-06
0.0076875 1.0228141278e-06 1.9807629420e-06
0.00769375 1.0251238399e-06 2.0025297700e-06
0.0077 1.0276580716e-06 2.0217874597e-06
0.00770625 1.0303706553e-06 2.0383087126e-06
0.0077125 1.0332341110e-06 2.0519768788e-06
0.00771875 1.0362540495e-06 2.0628160578e-06
0.007725 1.0393439710e-06 2.0710040262e-06
0.00773125 1.0424857918e-06 2.0768201035e-06
0.0077375 1.0456351974e-06 2.0806609733e-06
0.00774375 1.0487582196e-06 2.0830270346e-06
0.00775 1.0518334295e-06 2.0844919203e-06
0.00775625 1.0548159702e-06 2.0856951256e-06
0.0077625 1.0577345032e-06 2.0872732495e-06
0.00776875 1.0605409700e-06 2.0898738827e-06
0.007775 1.0632754176e-06 2.0940730940e-06
0.00778125 1.0659341641e-06 2.1004872969e-06
0.0077875 1.0684911057e-06 2.1095006807e-06
0.00779375 1.0710366748e-06 2.1214469964e-06
0.0078 1.0735120056e-06 2.1365495774e-06
0.00780625 1.0759868706e-06 2.1548152157e-06
0.0078125 1.0784482889e-06 2.1762243870e-06
0.00781875 1.0809129454e-06 2.2005271904e-06
0.007825 1.0833846347e-06 2.2273478079e-06
0.00783125 1.0858705867e-06 2.2562300310e-06
0.0078375 1.0883502788e-06 2.2865567433e-06
0.00784375 1.0908480456e-06 2.3176967898e-06
0.00785 1.0933259054e-06 2.3489763618e-06
0.00785625 1.0958017477e-06 2.3797138923e-06
0.0078625 1.0982395146e-06 2.4092364849e-06
0.00786875 1.1006400788e-06 2.4369347907e-06
0.007875 1.1029842481e-06 2.4622906311e-06
0.00788125 1.1052581623e-06 2.4848956836e-06
0.0078875 1.1074475321e-06 2.5044745033e-06
0.00789375 1.1095391965e-06 2.5209007161e-06
0.0079 1.1115194352e-06 2.5342031364e-06
0.00790625 1.1133614950e-06 2.5445719950e-06
0.0079125 1.1151042313e-06 2.5523110552e-06
0.00791875 1.1166647485e-06 2.5578889512e-06
0.007925 1.1180582304e-06 2.5618751526e-06
0.00793125 1.1192686003e-06 2.5648956791e-06
0.0079375 1.1203263833e-06 2.5676379429e-06
0.00794375 1.1211701153e-06 2.5707987969e-06
0.00795 1.1218203132e-06 2.5750482462e-06
0.00795625 1.1222797774e-06 2.5809978833e-06
0.0079625 1.1225551393e-06 2.5891725080e-06
0.00796875 1.1226659868e-06 2.5999814059e-06
0.007975 1.1226432417e-06 2.6136946305e-06
0.00798125 1.1225267255e-06 2.6304290743e-06
0.0079875 1.1223660025e-06 2.6501440632e-06
0.00799375 1.1222208699e-06 2.6726447068e-06
0.008 1.1221621532e-06 2.6976140644e-06
0.00800625 1.1222476065e-06 2.7245465673e-06
0.0080125 1.1225808534e-06 2.7528888923e-06
0.00801875 1.1231955619e-06 2.7820204525e-06
0.008025 1.1241820111e-06 2.8112491103e-06
0.00803125 1.1255664339e-06 2.8398910564e-06
0.0080375 1.1273967256e-06 2.8672859534e-06
0.00804375 1.1296672082e-06 2.8928412549e-06
0.00805 1.1323846113e-06 2.9160648638e-06
0.00805625 1.1355070797e-06 2.9365405282e-06
0.0080625 1.1389694558e-06 2.9540479971e-06
0.00806875 1.1427210893e-06 2.9684855265e-06
0.008075 1.1466647033e-06 2.9798962031e-06
0.00808125 1.1506797454e-06 2.9885249276e-06
0.0080875 1.1546846073e-06 2.9947064965e-06
0.00809375 1.1585618617e-06 2.9988598711e-06
0.0081 1.1621908694e-06 3.0015460192e-06
0.00810625 1.1654829529e-06 3.0033783088e-06
0.0081125 1.1683486228e-06 3.0049872779e-06
0.00811875 1.1707179170e-06 3.0069984732e-06
0.008125 1.1725434288e-06 3.0100020434e-06
0.00813125 1.1737840610e-06 3.0145123342e-06
0.0081375 1.1745065236e-06 3.0209612910e-06
0.00814375 1.1746335000e-06 3.0296416306e-06
0.00815 1.1742983610e-06 3.0407304596e-06
0.00815625 1.1734901495e-06 3.0542653843e-06
0.0081625 1.1723507277e-06 3.0701407616e-06
0.00816875 1.1709208148e-06 3.0881236835e-06
0.008175 1.1693327123e-06 3.1078838337e-06
0.00818125 1.1676816787e-06 3.1289810642e-06
0.0081875 1.1660428843e-06 3.1509116957e-06
0.00819375 1.1645133989e-06 3.1731425729e-06
0.0082 1.1631975138e-06 3.1951190506e-06
0.00820625 1.1621428972e-06 3.2163163541e-06
0.0082125 1.1614254218e-06 3.2362557939e-06
0.00821875 1.1610858221e-06 3.2545401536e-06
0.008225 1.1611582539e-06 3.2708682890e-06
0.00823125 1.1616590387e-06 3.2850362976e-06
0.0082375 1.1625825295e-06 3.2970032636e-06
0.00824375 1.1639409699e-06 3.3068005266e-06
0.00825 1.1656626375e-06 3.3145997177e-06
0.00825625 1.1677404045e-06 3.3206656654e-06
0.0082625 1.1700797315e-06 3.3253664330e-06
0.00826875 1.1726410495e-06 3.3291249579e-06
0.008275 1.1753181680e-06 3.3324108469e-06
0.00828125 1.1779959369e-06 3.3357155977e-06
0.0082875 1.1806381496e-06 3.3395032176e-06
0.00829375 1.1831107006e-06 3.3442287206e-06
0.0083 1.1853332184e-06 3.3502639156e-06
0.00830625 1.1872253705e-06 3.3579054843e-06
0.0083125 1.1887148387e-06 3.3673617526e-06
0.00831875 1.1897421264e-06 3.3787418869e-06
0.008325 1.1902683103e-06 3.3920523724e-06
0.00833125 1.1902736516e-06 3.4072014917e-06
0.0083375 1.1897580098e-06 3.4240084277e-06
0.00834375 1.1887425078e-06 3.4422164684e-06
0.00835 1.1872504269e-06 3.4615124565e-06
0.00835625 1.1853877660e-06 3.4815419116e-06
0.0083625 1.1832223423e-06 3.5019337411e-06
0.00836875 1.1808491935e-06 3.5223369275e-06
0.008375 1.1783655573e-06 3.5424188446e-06
0.00838125 1.1759142610e-06 3.5619019355e-06
0.0083875 1.1735884525e-06 3.5805787635e-06
0.00839375 1.1715128422e-06 3.5983101422e-06
0.0084 1.1697841954e-06 3.6150486973e-06
0.00840625 1.1684822224e-06 3.6308340282e-06
0.0084125 1.1676677629e-06 3.6457907503e-06
0.00841875 1.1673734334e-06 3.6601207103e-06
0.008425 1.1676060061e-06 3.6740884659e-06
0.00843125 1.1683506438e-06 3.6880161034e-06
0.0084375 1.1695547564e-06 3.7022512480e-06
0.00844375 1.1711551109e-06 3.7171545499e-06
0.00845 1.1730508727e-06 3.7330775858e-06
0.00845625 1.1751354056e-06 3.7503412558e-06
0.0084625 1.1772923193e-06 3.7692338662e-06
0.00846875 1.1793740308e-06 3.7899435429e-06
0.008475 1.1812901271e-06 3.8126038511e-06
0.00848125 1.1828922270e-06 3.8373445672e-06
0.0084875 1.1840362759e-06 3.8640955776e-06
0.00849375 1.1847099000e-06 3.8927614870e-06
0.0085 1.1848066391e-06 3.9232329577e-06
0.00850625 1.1842741682e-06 3.9552484829e-06
0.0085125 1.1831190838e-06 3.9885407950e-06
0.00851875 1.1813710097e-06 4.0228448039e-06
0.008525 1.1790567133e-06 4.0578481745e-06
0.00853125 1.1762668215e-06 4.0932475191e-06
0.0085375 1.1730998438e-06 4.1287762808e-06
0.00854375 1.1696765886e-06 4.1642112883e-06
0.00855 1.1661319899e-06 4.1993830456e-06
0.00855625 1.1626105768e-06 4.2341887880e-06
0.0085625 1.1592489744e-06 4.2685990318e-06
0.00856875 1.1562206325e-06 4.3026683795e-06
0.008575 1.1535924689e-06 4.3365153967e-06
0.00858125 1.1515136151e-06 4.3703297609e-06
0.0085875 1.1500672676e-06 4.4043589018e-06
0.00859375 1.1493017289e-06 4.4388937931e-06
0.0086 1.1492446994e-06 4.4742515173e-06
0.00860625 1.1498932442e-06 4.5107574793e-06
0.0086125 1.1512102023e-06 4.5487278047e-06
0.00861875 1.1531282134e-06 4.5884510635e-06
0.008625 1.1555539394e-06 4.6301718450e-06
0.00863125 1.1583713340e-06 4.6740770043e-06
0.0086375 1.1614457773e-06 4.7202851937e-06
0.00864375 1.1646284290e-06 4.7688401309e-06
0.00865 1.1677743778e-06 4.8197048859e-06
0.00865625 1.1707094383e-06 4.8727620568e-06
0.0086625 1.1732895897e-06 4.9278309922e-06
0.00866875 1.1753704303e-06 4.9846607378e-06
0.008675 1.1768307973e-06 5.0429444487e-06
0.00868125 1.1775695869e-06 5.1023409525e-06
0.0086875 1.1775252008e-06 5.1624932076e-06
0.00869375 1.1766172441e-06 5.2230376858e-06
0.0087 1.1748567156e-06 5.2836346320e-06
0.00870625 1.1723008383e-06 5.3439768683e-06
0.0087125 1.1689438781e-06 5.4038158651e-06
0.00871875 1.1649036840e-06 5.4629610975e-06
0.008725 1.1602864278e-06 5.5213043817e-06
0.00873125 1.1552419400e-06 5.5788102655e-06
0.0087375 1.1499207650e-06 5.6355191061e-06
0.00874375 1.1444834347e-06 5.6915576796e-06
0.00875 1.1391332079e-06 5.7471162416e-06
0.00875625 1.1340180648e-06 5.8024417505e-06
0.0087625 1.1293338719e-06 5.8578223524e-06
0.00876875 1.1252191531e-06 5.9135710957e-06
0.008775 1.1218066496e-06 5.9700029720e-06
0.00878125 1.1192060675e-06 6.0274268421e-06
0.0087875 1.1174834938e-06 6.0861079266e-06
0.00879375 1.1166704473e-06 6.1462683965e-06
0.0088 1.1167604401e-06 6.2080658799e-06
0.00880625 1.1177055039e-06 6.2715835606e-06
0.0088125 1.1194168551e-06 6.3368229254e-06
0.00881875 1.1217708262e-06 6.4036990695e-06
0.008825 1.1246129893e-06 6.4720447175e-06
0.00883125 1.1277653950e-06 6.5416158690e-06
0.0088375 1.1310348160e-06 6.6121019052e-06
0.00884375 1.1342219479e-06 6.6831398247e-06
0.00885 1.1371306876e-06 6.7543318359e-06
0.00885625 1.1395772249e-06 6.8252646509e-06
0.0088625 1.1413986483e-06 6.8955294602e-06
0.00886875 1.1424604772e-06 6.9647414448e-06
0.008875 1.1426638280e-06 7.0325583951e-06
0.00888125 1.1419476753e-06 7.0986952362e-06
0.0088875 1.1403170619e-06 7.1629398461e-06
0.00889375 1.1377552216e-06 7.2251668179e-06
0.0089 1.1343539104e-06 7.2853200089e-06
0.00890625 1.1302166683e-06 7.3434374019e-06
0.0089125 1.1254920328e-06 7.3996252720e-06
0.00891875 1.1203130066e-06 7.4541069994e-06
0.008925 1.1148958993e-06 7.5071141468e-06
0.00893125 1.1094175065e-06 7.5589093228e-06
0.0089375 1.1040387971e-06 7.6098299917e-06
0.00894375 1.0989810047e-06 7.6601783037e-06
0.00895 1.0943738929e-06 7.7102499072e-06
0.00895625 1.0903611843e-06 7.7603073782e-06
0.0089625 1.0870515424e-06 7.8105624488e-06
0.00896875 1.0845155918e-06 7.8611603576e-06
0.008975 1.0827865966e-06 7.9121713945e-06
0.00898125 1.0818609497e-06 7.9635861279e-06
0.0089875 1.0816980168e-06 8.0153142182e-06
0.00899375 1.0822170224e-06 8.0671882546e-06
0.009 1.0833189671e-06 8.1189731721e-06
0.00900625 1.0848717188e-06 8.1703743268e-06
0.0090125 1.0867249210e-06 8.2210594335e-06
0.00901875 1.0887162815e-06 8.2706762655e-06
0.009025 1.0906855537e-06 8.3188714532e-06
0.00903125 1.0924602379e-06 8.3652980330e-06
0.0090375 1.0938828406e-06 8.4096496828e-06
0.00904375 1.0948136004e-06 8.4516647019e-06
0.00905 1.0951464644e-06 8.4911621622e-06
0.00905625 1.0947982286e-06 8.5280283545e-06
0.0090625 1.0936989891e-06 8.5622041202e-06
0.00906875 1.0918203398e-06 8.5937203023e-06
0.009075 1.0892102470e-06 8.6227074730e-06
0.00908125 1.0858579812e-06 8.6493500834e-06
0.0090875 1.0818924821e-06 8.6738524498e-06
0.00909375 1.0774055183e-06 8.6964979295e-06
0.0091 1.0725259907e-06 8.7175786404e-06
0.00910625 1.0674232023e-06 8.7374136132e-06
0.0091125 1.0622413774e-06 8.7562813900e-06
0.00911875 1.0571455124e-06 8.7744441332e-06
0.009125 1.0523103794e-06 8.7921207891e-06
0.00913125 1.0478794950e-06 8.8094742182e-06
0.0091375 1.0439720598e-06 8.8266122096e-06
0.00914375 1.0407260379e-06 8.8435631030e-06
0.00915 1.0381781180e-06 8.8603015697e-06
0.00915625 1.0363858023e-06 8.8767347725e-06
0.0091625 1.0353357257e-06 8.8927200022e-06
0.00916875 1.0350008915e-06 8.9080780543e-06
0.009175 1.0353067580e-06 8.9226071407e-06
0.00918125 1.0361367542e-06 8.9360876239e-06
0.0091875 1.0373486810e-06 8.9483158986e-06
0.00919375 1.0387944426e-06 8.9591093052e-06
0.0092 1.0402917776e-06 8.9683236333e-06
0.00920625 1.0416435651e-06 8.9758655203e-06
0.0092125 1.0426979033e-06 8.9816942251e-06
0.00921875 1.0432733592e-06 8.9858404016e-06
0.009225 1.0432124452e-06 8.9883912132e-06
0.00923125 1.0423910685e-06 8.9894970017e-06
0.0092375 1.0407226099e-06 8.9893630642e-06
0.00924375 1.0381348772e-06 8.9882306918e-06
0.00925 1.0346104678e-06 8.9863782694e-06
0.00925625 1.0301794675e-06 8.9840995756e-06
0.0092625 1.0249050990e-06 8.9816864852e-06
0.00926875 1.0188871685e-06 8.9794142134e-06
0.009275 1.0122593380e-06 8.9775272481e-06
0.00928125 1.0051806100e-06 8.9762267432e-06
0.0092875 9.9782712059e-07 8.9756613672e-06
0.00929375 9.9039607144e-07 8.9759228734e-06
0.0093 9.8304488780e-07 8.9770424334e-06
0.00930625 9.7598479651e-07 8.9789944648e-06
0.0093125 9.6935277039e-07 8.9816994411e-06
0.00931875 9.6329952425e-07 8.9850460059e-06
0.009325 9.5793580194e-07 8.9888808110e-06
0.00933125 9.5332135865e-07 8.9930415179e-06
0.0093375 9.4949455211e-07 8.9973633362e-06
0.00934375 9.4644598129e-07 9.0016966671e-06
0.00935 9.4412979369e-07 9.0059220513e-06
0.00935625 9.4246317062e-07 9.0099583500e-06
0.0093625 9.4132700473e-07 9.0137911004e-06
0.00936875 9.4060679118e-07 9.0174472626e-06
0.009375 9.4011602665e-07 9.0210169974e-06
0.00938125 9.3969123918e-07 9.0246565890e-06
0.0093875 9.3915967248e-07 9.0285761217e-06
0.00939375 9.3835386777e-07 9.0330297991e-06
0.0094 9.3709969130e-07 9.0383061940e-06
0.00940625 9.3529224240e-07 9.0447138050e-06
0.0094125 9.3280499446e-07 9.0525667655e-06
0.00941875 9.2954513071e-07 9.0621658766e-06
0.009425 9.2551813558e-07 9.0737920974e-06
0.00943125 9.2069492562e-07 9.0876762332e-06
0.0094375 9.1510139441e-07 9.1039993338e-06
0.00944375 9.0880849803e-07 9.1228776986e-06
0.00945 9.0189471649e-07 9.1443778947e-06
0.00945625 8.9447170554e-07 9.1684819783e-06
0.0094625 8.8667704213e-07 9.1951117105e-06
0.00946875 8.7865555673e-07 9.2241343488e-06
0.009475 8.7055651222e-07 9.2553701205e-06
0.00948125 8.6252767169e-07 9.2886050535e-06
0.0094875 8.5470678097e-07 9.3236066516e-06
0.00949375 8.4721502980e-07 9.3601395874e-06
0.0095 8.4015282753e-07 9.3979811428e-06
0.00950625 8.3359602896e-07 9.4369362084e-06
0.0095125 8.2759630250e-07 9.4768482170e-06
0.00951875 8.2216097895e-07 9.5176200827e-06
0.009525 8.1729129048e-07 9.5591989168e-06
0.00953125 8.1293109666e-07 9.6016008655e-06
0.0095375 8.0902358493e-07 9.6449036088e-06
0.00954375 8.0548642151e-07 9.6892330330e-06
0.00955 8.0220056684e-07 9.7347658094e-06
0.00955625 7.9905452580e-07 9.7817132763e-06
0.0095625 7.9592335300e-07 9.8303109589e-06
0.00956875 7.9268433381e-07 9.8808032677e-06
0.009575 7.8922539141e-07 9.9334442031e-06
0.00958125 7.8542291867e-07 9.9884224979e-06
0.0095875 7.8121316501e-07 1.0045911499e-05
0.00959375 7.7651235248e-07 1.0106092536e-05
0.0096 7.7128189742e-07 1.0169030648e-05
0.00960625 7.6550714670e-07 1.0234739731e-05
0.0096125 7.5920043168e-07 1.0303184313e-05
0.00961875 7.5240168694e-07 1.0374268343e-05
0.009625 7.4517772303e-07 1.0447837236e-05
0.00963125 7.3759911096e-07 1.0523690994e-05
0.0096375 7.2980819617e-07 1.0601602128e-05
0.00964375 7.2190494761e-07 1.0681309019e-05
0.00965 7.1401363532e-07 1.0762547331e-05
0.00965625 7.0625016247e-07 1.0845066835e-05
0.0096625 6.9872789914e-07 1.0928626309e-05
0.00966875 6.9154977723e-07 1.1013014893e-05
0.009675 6.8479783356e-07 1.1098062029e-05
0.00968125 6.7853181061e-07 1.1183642672e-05
0.0096875 6.7278538779e-07 1.1269680272e-05
0.00969375 6.6756301075e-07 1.1356146991e-05
0.0097 6.6283979752e-07 1.1443060519e-05
0.00970625 6.5856368708e-07 1.1530478061e-05
0.0097125 6.5465842436e-07 1.1618488339e-05
0.00971875 6.5102738682e-07 1.1707202024e-05
0.009725 6.4755876440e-07 1.1796740943e-05
0.00973125 6.4414042345e-07 1.1887225336e-05
0.0097375 6.4062682484e-07 1.1978770476e-05
0.00974375 6.3692916261e-07 1.2071457510e-05
0.00975 6.3290605928e-07 1.2165348220e-05
0.00975625 6.2850180240e-07 1.2260464952e-05
0.0097625 6.2363235015e-07 1.2356783259e-05
0.00976875 6.1825032201e-07 1.2454243799e-05
0.009775 6.1234891715e-07 1.2552742033e-05
0.00978125 6.0593848303e-07 1.2652139165e-05
0.0097875 5.9906116486e-07 1.2752267888e-05
0.00979375 5.9178222490e-07 1.2852942116e-05
0.0098 5.8418886873e-07 1.2953965588e-05
0.00980625 5.7638299133e-07 1.3055142244e-05
0.0098125 5.6847643502e-07 1.3156286367e-05
0.00981875 5.6058529818e-07 1.3257231857e-05
0.009825 5.5282428182e-07 1.3357839892e-05
0.00983125 5.4530070200e-07 1.3458004756e-05
0.0098375 5.3809785074e-07 1.3557659556e-05
0.00984375 5.3131509609e-07 1.3656767506e-05
0.00985 5.2499594292e-07 1.3755337898e-05
0.00985625 5.1917059017e-07 1.3853408457e-05
0.0098625 5.1385061622e-07 1.3951044845e-05
0.00986875 5.0901124693e-07 1.4048325706e-05
0.009875 5.0460553407e-07 1.4145345764e-05
0.00988125 5.0057461283e-07 1.4242201068e-05
0.0098875 4.9683814100e-07 1.4338979484e-05
0.00989375 4.9330231302e-07 1.4435752928e-05
0.0099 4.8986676963e-07 1.4532570946e-05
0.00990625 4.8642883829e-07 1.4629455175e-05
0.0099125 4.8288832628e-07 1.4726395936e-05
0.00991875 4.7915333863e-07 1.4823351584e-05
0.009925 4.7514531079e-07 1.4920250322e-05
0.00993125 4.7080260636e-07 1.5016994159e-05
0.0099375 4.6608324086e-07 1.5113464895e-05
0.00994375 4.6096693081e-07 1.5209531826e-05
0.00995 4.5546719493e-07 1.5305056919e-05
0.00995625 4.4957874896e-07 1.5399922311e-05
0.0099625 4.4338089624e-07 1.5493997112e-05
0.00996875 4.3690328389e-07 1.5587193216e-05
0.009975 4.3025121305e-07 1.5679451312e-05
0.00998125 4.2350172406e-07 1.5770741226e-05
0.0099875 4.1674186499e-07 1.5861063486e-05
0.00999375 4.1007175437e-07 1.5950456872e-05
0.01 4.0357548914e-07 1.6038997996e-05
