"S" "q/q_s" "D/h"
0.000000e+00 1.000000e+00 6.149700e-05
6.250000e-03 9.975170e-01 3.207800e-04
1.250000e-02 9.946864e-01 5.438600e-04
1.875000e-02 9.944878e-01 7.716100e-04
2.500000e-02 9.950837e-01 1.002600e-03
3.125000e-02 9.960769e-01 1.241000e-03
3.750000e-02 9.971694e-01 1.487200e-03
4.375000e-02 9.981626e-01 1.743400e-03
5.000000e-02 9.993544e-01 2.009900e-03
5.625000e-02 1.000695e+00 2.287900e-03
6.250000e-02 1.002235e+00 2.577600e-03
6.875000e-02 1.004072e+00 2.879600e-03
7.500000e-02 1.005314e+00 3.193800e-03
8.125000e-02 1.006356e+00 3.520600e-03
8.750000e-02 1.007846e+00 3.859700e-03
9.375000e-02 1.009386e+00 4.211400e-03
1.000000e-01 1.011273e+00 4.575000e-03
1.062500e-01 1.013557e+00 4.950700e-03
1.125000e-01 1.015643e+00 5.337900e-03
1.187500e-01 1.017480e+00 5.736600e-03
1.250000e-01 1.019765e+00 6.146000e-03
1.312500e-01 1.022198e+00 6.566200e-03
1.375000e-01 1.024184e+00 6.996300e-03
1.437500e-01 1.027065e+00 7.436300e-03
1.500000e-01 1.030541e+00 7.885400e-03
1.562500e-01 1.031733e+00 8.343500e-03
1.625000e-01 1.033620e+00 8.809700e-03
1.687500e-01 1.036649e+00 9.284000e-03
1.750000e-01 1.040075e+00 9.765400e-03
1.812500e-01 1.043403e+00 1.025400e-02
1.875000e-01 1.044843e+00 1.074900e-02
1.937500e-01 1.049114e+00 1.125000e-02
2.000000e-01 1.051895e+00 1.175600e-02
2.062500e-01 1.053831e+00 1.226800e-02
2.125000e-01 1.059244e+00 1.278400e-02
2.187500e-01 1.061330e+00 1.330400e-02
2.250000e-01 1.063217e+00 1.382800e-02
2.312500e-01 1.067488e+00 1.435500e-02
2.375000e-01 1.069772e+00 1.488500e-02
2.437500e-01 1.074043e+00 1.541800e-02
2.500000e-01 1.076526e+00 1.595200e-02
2.562500e-01 1.080548e+00 1.648800e-02
2.625000e-01 1.085862e+00 1.702600e-02
2.687500e-01 1.087352e+00 1.756400e-02
2.750000e-01 1.091026e+00 1.810200e-02
2.812500e-01 1.094503e+00 1.864000e-02
2.875000e-01 1.100114e+00 1.917800e-02
2.937500e-01 1.099916e+00 1.971600e-02
3.000000e-01 1.104584e+00 2.025200e-02
3.062500e-01 1.107811e+00 2.078700e-02
3.125000e-01 1.111139e+00 2.132000e-02
3.187500e-01 1.115956e+00 2.185200e-02
3.250000e-01 1.117197e+00 2.238000e-02
3.312500e-01 1.122560e+00 2.290600e-02
3.375000e-01 1.124845e+00 2.343000e-02
3.437500e-01 1.128718e+00 2.395000e-02
3.500000e-01 1.131549e+00 2.446600e-02
3.562500e-01 1.134777e+00 2.497800e-02
3.625000e-01 1.138005e+00 2.548700e-02
3.687500e-01 1.141332e+00 2.599100e-02
3.750000e-01 1.144411e+00 2.649100e-02
3.812500e-01 1.147788e+00 2.698500e-02
3.875000e-01 1.151314e+00 2.747500e-02
3.937500e-01 1.154541e+00 2.796000e-02
4.000000e-01 1.157670e+00 2.843900e-02
4.062500e-01 1.160699e+00 2.891200e-02
4.125000e-01 1.163877e+00 2.937900e-02
4.187500e-01 1.166807e+00 2.984100e-02
4.250000e-01 1.172518e+00 3.029600e-02
4.312500e-01 1.170681e+00 3.074400e-02
4.375000e-01 1.174952e+00 3.118600e-02
4.437500e-01 1.179272e+00 3.162200e-02
4.500000e-01 1.181606e+00 3.205000e-02
4.562500e-01 1.183592e+00 3.247100e-02
4.625000e-01 1.185777e+00 3.288600e-02
4.687500e-01 1.188111e+00 3.329300e-02
4.750000e-01 1.190694e+00 3.369200e-02
4.812500e-01 1.193375e+00 3.408400e-02
4.875000e-01 1.196007e+00 3.446900e-02
4.937500e-01 1.198739e+00 3.484500e-02
5.000000e-01 1.200973e+00 3.521400e-02
5.062500e-01 1.203258e+00 3.557500e-02
5.125000e-01 1.201172e+00 3.592900e-02
5.187500e-01 1.207230e+00 3.627400e-02
5.250000e-01 1.208820e+00 3.661100e-02
5.312500e-01 1.210607e+00 3.694000e-02
5.375000e-01 1.212445e+00 3.726100e-02
5.437500e-01 1.214431e+00 3.757400e-02
5.500000e-01 1.216169e+00 3.787900e-02
5.562500e-01 1.218056e+00 3.817500e-02
5.625000e-01 1.219596e+00 3.846400e-02
5.687500e-01 1.221235e+00 3.874400e-02
5.750000e-01 1.222476e+00 3.901600e-02
5.812500e-01 1.223817e+00 3.928000e-02
5.875000e-01 1.224810e+00 3.953600e-02
5.937500e-01 1.225803e+00 3.978400e-02
6.000000e-01 1.226647e+00 4.002400e-02
6.062500e-01 1.227541e+00 4.025600e-02
6.125000e-01 1.228286e+00 4.048000e-02
6.187500e-01 1.229180e+00 4.069700e-02
6.250000e-01 1.229875e+00 4.090600e-02
6.312500e-01 1.230720e+00 4.110700e-02
6.375000e-01 1.231266e+00 4.130000e-02
6.437500e-01 1.231961e+00 4.148700e-02
6.500000e-01 1.232408e+00 4.166500e-02
6.562500e-01 1.233004e+00 4.183700e-02
6.625000e-01 1.233252e+00 4.200200e-02
6.687500e-01 1.233749e+00 4.215900e-02
6.750000e-01 1.233699e+00 4.231000e-02
6.812500e-01 1.233848e+00 4.245400e-02
6.875000e-01 1.233600e+00 4.259100e-02
6.937500e-01 1.233451e+00 4.272200e-02
7.000000e-01 1.233004e+00 4.284700e-02
7.062500e-01 1.232656e+00 4.296500e-02
7.125000e-01 1.232160e+00 4.307800e-02
7.187500e-01 1.231663e+00 4.318500e-02
7.250000e-01 1.231067e+00 4.328600e-02
7.312500e-01 1.230471e+00 4.338200e-02
7.375000e-01 1.229776e+00 4.347200e-02
7.437500e-01 1.229081e+00 4.355800e-02
7.500000e-01 1.228336e+00 4.363800e-02
7.562500e-01 1.227492e+00 4.371400e-02
7.625000e-01 1.227094e+00 4.378500e-02
7.687500e-01 1.225704e+00 4.385100e-02
7.750000e-01 1.224661e+00 4.391400e-02
7.812500e-01 1.223469e+00 4.397200e-02
7.875000e-01 1.222178e+00 4.402700e-02
7.937500e-01 1.220738e+00 4.407700e-02
8.000000e-01 1.219248e+00 4.412500e-02
8.062500e-01 1.217560e+00 4.416900e-02
8.125000e-01 1.215822e+00 4.421000e-02
8.187500e-01 1.213984e+00 4.424700e-02
8.250000e-01 1.211998e+00 4.428300e-02
8.312500e-01 1.209862e+00 4.431500e-02
8.375000e-01 1.207578e+00 4.434500e-02
8.437500e-01 1.205194e+00 4.437300e-02
8.500000e-01 1.202662e+00 4.439800e-02
8.562500e-01 1.200030e+00 4.442200e-02
8.625000e-01 1.197249e+00 4.444400e-02
8.687500e-01 1.194269e+00 4.446400e-02
8.750000e-01 1.191091e+00 4.448300e-02
8.812500e-01 1.187764e+00 4.450100e-02
8.875000e-01 1.184188e+00 4.451700e-02
8.937500e-01 1.180315e+00 4.453200e-02
9.000000e-01 1.176193e+00 4.454700e-02
9.062500e-01 1.171823e+00 4.456000e-02
9.125000e-01 1.167155e+00 4.457300e-02
9.187500e-01 1.162090e+00 4.458600e-02
9.250000e-01 1.156677e+00 4.459800e-02
9.312500e-01 1.150867e+00 4.461000e-02
9.375000e-01 1.144510e+00 4.462100e-02
9.437500e-01 1.137607e+00 4.463300e-02
9.500000e-01 1.129960e+00 4.464400e-02
9.562500e-01 1.121518e+00 4.465600e-02
9.625000e-01 1.112082e+00 4.466800e-02
9.687500e-01 1.101256e+00 4.468000e-02
9.750000e-01 1.088543e+00 4.469200e-02
9.812500e-01 1.073099e+00 4.470500e-02
9.875000e-01 1.052888e+00 4.471700e-02
9.937500e-01 1.019963e+00 4.473000e-02
1.000000e+00 9.531708e-01 4.474000e-02
