"S" "q/q_s" "D/h"
0.000000e+00 1.000000e+00 0.000000e+00
6.250000e-03 1.000100e+00 0.000000e+00
1.250000e-02 9.961994e-01 0.000000e+00
1.875000e-02 9.932990e-01 0.000000e+00
2.500000e-02 1.001600e+00 0.000000e+00
3.125000e-02 1.010552e+00 0.000000e+00
3.750000e-02 1.014952e+00 0.000000e+00
4.375000e-02 1.017553e+00 0.000000e+00
5.000000e-02 1.012452e+00 0.000000e+00
5.625000e-02 1.001950e+00 0.000000e+00
6.250000e-02 9.959994e-01 0.000000e+00
6.875000e-02 9.957994e-01 0.000000e+00
7.500000e-02 9.974496e-01 0.000000e+00
8.125000e-02 9.997500e-01 0.000000e+00
8.750000e-02 1.000400e+00 0.000000e+00
9.375000e-02 9.996499e-01 0.000000e+00
1.000000e-01 9.991499e-01 0.000000e+00
1.062500e-01 9.990999e-01 0.000000e+00
1.125000e-01 9.990499e-01 0.000000e+00
1.187500e-01 9.988498e-01 0.000000e+00
1.250000e-01 9.984498e-01 0.000000e+00
1.312500e-01 9.978997e-01 0.000000e+00
1.375000e-01 9.974996e-01 0.000000e+00
1.437500e-01 9.972496e-01 0.000000e+00
1.500000e-01 9.969995e-01 0.000000e+00
1.562500e-01 9.966495e-01 0.000000e+00
1.625000e-01 9.963495e-01 0.000000e+00
1.687500e-01 9.960494e-01 0.000000e+00
1.750000e-01 9.957494e-01 0.000000e+00
1.812500e-01 9.953993e-01 0.000000e+00
1.875000e-01 9.949992e-01 0.000000e+00
1.937500e-01 9.946492e-01 0.000000e+00
2.000000e-01 9.943492e-01 0.000000e+00
2.062500e-01 9.940491e-01 0.000000e+00
2.125000e-01 9.937491e-01 0.000000e+00
2.187500e-01 9.934990e-01 0.000000e+00
2.250000e-01 9.930990e-01 0.000000e+00
2.312500e-01 9.925489e-01 0.000000e+00
2.375000e-01 9.920488e-01 0.000000e+00
2.437500e-01 9.916487e-01 0.000000e+00
2.500000e-01 9.912987e-01 0.000000e+00
2.562500e-01 9.908986e-01 0.000000e+00
2.625000e-01 9.907486e-01 0.000000e+00
2.687500e-01 9.901485e-01 0.000000e+00
2.750000e-01 9.897985e-01 0.000000e+00
2.812500e-01 9.894984e-01 0.000000e+00
2.875000e-01 9.891484e-01 0.000000e+00
2.937500e-01 9.888483e-01 0.000000e+00
3.000000e-01 9.885483e-01 0.000000e+00
3.062500e-01 9.881982e-01 0.000000e+00
3.125000e-01 9.878482e-01 0.000000e+00
3.187500e-01 9.875481e-01 0.000000e+00
3.250000e-01 9.872481e-01 0.000000e+00
3.312500e-01 9.868480e-01 0.000000e+00
3.375000e-01 9.863980e-01 0.000000e+00
3.437500e-01 9.859979e-01 0.000000e+00
3.500000e-01 9.856979e-01 0.000000e+00
3.562500e-01 9.853478e-01 0.000000e+00
3.625000e-01 9.849977e-01 0.000000e+00
3.687500e-01 9.846477e-01 0.000000e+00
3.750000e-01 9.843977e-01 0.000000e+00
3.812500e-01 9.840976e-01 0.000000e+00
3.875000e-01 9.837476e-01 0.000000e+00
3.937500e-01 9.833975e-01 0.000000e+00
4.000000e-01 9.830975e-01 0.000000e+00
4.062500e-01 9.827974e-01 0.000000e+00
4.125000e-01 9.824474e-01 0.000000e+00
4.187500e-01 9.821973e-01 0.000000e+00
4.250000e-01 9.818973e-01 0.000000e+00
4.312500e-01 9.815972e-01 0.000000e+00
4.375000e-01 9.812472e-01 0.000000e+00
4.437500e-01 9.808971e-01 0.000000e+00
4.500000e-01 9.805471e-01 0.000000e+00
4.562500e-01 9.801970e-01 0.000000e+00
4.625000e-01 9.798970e-01 0.000000e+00
4.687500e-01 9.795469e-01 0.000000e+00
4.750000e-01 9.792469e-01 0.000000e+00
4.812500e-01 9.788968e-01 0.000000e+00
4.875000e-01 9.785968e-01 0.000000e+00
4.937500e-01 9.783468e-01 0.000000e+00
5.000000e-01 9.780967e-01 0.000000e+00
5.062500e-01 9.778467e-01 0.000000e+00
5.125000e-01 9.776967e-01 0.000000e+00
5.187500e-01 9.772466e-01 0.000000e+00
5.250000e-01 9.768965e-01 0.000000e+00
5.312500e-01 9.765965e-01 0.000000e+00
5.375000e-01 9.762964e-01 0.000000e+00
5.437500e-01 9.759964e-01 0.000000e+00
5.500000e-01 9.757464e-01 0.000000e+00
5.562500e-01 9.754463e-01 0.000000e+00
5.625000e-01 9.752463e-01 0.000000e+00
5.687500e-01 9.749962e-01 0.000000e+00
5.750000e-01 9.747462e-01 0.000000e+00
5.812500e-01 9.744962e-01 0.000000e+00
5.875000e-01 9.741961e-01 0.000000e+00
5.937500e-01 9.739461e-01 0.000000e+00
6.000000e-01 9.736460e-01 0.000000e+00
6.062500e-01 9.733460e-01 0.000000e+00
6.125000e-01 9.730960e-01 0.000000e+00
6.187500e-01 9.727959e-01 0.000000e+00
6.250000e-01 9.725459e-01 0.000000e+00
6.312500e-01 9.722458e-01 0.000000e+00
6.375000e-01 9.719958e-01 0.000000e+00
6.437500e-01 9.716958e-01 0.000000e+00
6.500000e-01 9.714457e-01 0.000000e+00
6.562500e-01 9.711457e-01 0.000000e+00
6.625000e-01 9.708456e-01 0.000000e+00
6.687500e-01 9.705956e-01 0.000000e+00
6.750000e-01 9.702955e-01 0.000000e+00
6.812500e-01 9.699955e-01 0.000000e+00
6.875000e-01 9.696955e-01 0.000000e+00
6.937500e-01 9.694954e-01 0.000000e+00
7.000000e-01 9.692954e-01 0.000000e+00
7.062500e-01 9.690954e-01 0.000000e+00
7.125000e-01 9.689453e-01 0.000000e+00
7.187500e-01 9.687953e-01 0.000000e+00
7.250000e-01 9.686453e-01 0.000000e+00
7.312500e-01 9.684453e-01 0.000000e+00
7.375000e-01 9.681952e-01 0.000000e+00
7.437500e-01 9.678952e-01 0.000000e+00
7.500000e-01 9.675951e-01 0.000000e+00
7.562500e-01 9.672451e-01 0.000000e+00
7.625000e-01 9.670451e-01 0.000000e+00
7.687500e-01 9.664450e-01 0.000000e+00
7.750000e-01 9.659949e-01 0.000000e+00
7.812500e-01 9.655948e-01 0.000000e+00
7.875000e-01 9.651448e-01 0.000000e+00
7.937500e-01 9.646947e-01 0.000000e+00
8.000000e-01 9.642446e-01 0.000000e+00
8.062500e-01 9.637446e-01 0.000000e+00
8.125000e-01 9.632445e-01 0.000000e+00
8.187500e-01 9.626444e-01 0.000000e+00
8.250000e-01 9.620443e-01 0.000000e+00
8.312500e-01 9.613942e-01 0.000000e+00
8.375000e-01 9.607441e-01 0.000000e+00
8.437500e-01 9.599940e-01 0.000000e+00
8.500000e-01 9.592439e-01 0.000000e+00
8.562500e-01 9.584438e-01 0.000000e+00
8.625000e-01 9.576436e-01 0.000000e+00
8.687500e-01 9.567435e-01 0.000000e+00
8.750000e-01 9.558434e-01 0.000000e+00
8.812500e-01 9.548932e-01 0.000000e+00
8.875000e-01 9.538431e-01 0.000000e+00
8.937500e-01 9.527429e-01 0.000000e+00
9.000000e-01 9.515427e-01 0.000000e+00
9.062500e-01 9.501925e-01 0.000000e+00
9.125000e-01 9.487423e-01 0.000000e+00
9.187500e-01 9.471421e-01 0.000000e+00
9.250000e-01 9.452918e-01 0.000000e+00
9.312500e-01 9.431915e-01 0.000000e+00
9.375000e-01 9.407911e-01 0.000000e+00
9.437500e-01 9.380407e-01 0.000000e+00
9.500000e-01 9.347902e-01 0.000000e+00
9.562500e-01 9.310397e-01 0.000000e+00
9.625000e-01 9.265390e-01 0.000000e+00
9.687500e-01 9.210382e-01 0.000000e+00
9.750000e-01 9.141871e-01 0.000000e+00
9.812500e-01 9.051358e-01 0.000000e+00
9.875000e-01 8.918338e-01 0.000000e+00
9.937500e-01 8.666800e-01 0.000000e+00
1.000000e+00 8.012202e-01 0.000000e+00
